Timestamp,User Count,Type,Name,Requests/s,Failures/s,50%,66%,75%,80%,90%,95%,98%,99%,99.9%,99.99%,100%,Total Request Count,Total Failure Count,Total Median Response Time,Total Average Response Time,Total Min Response Time,Total Max Response Time,Total Average Content Size
1780195235,0,,Aggregated,0.000000,0.000000,N/A,N/A,N/A,N/A,N/A,N/A,N/A,N/A,N/A,N/A,N/A,0,0,0,0.0,0,0,0
1780195236,20,,Aggregated,0.000000,0.000000,150,180,210,210,220,220,220,220,220,220,220,11,0,150,150.95940905369142,56.211400078609586,222.25609980523586,9810.09090909091
1780195237,60,,Aggregated,0.000000,0.000000,230,360,380,420,460,500,520,520,520,520,520,35,0,230,269.8793314131243,56.211400078609586,517.7581000607461,10371.8
1780195238,80,,Aggregated,0.000000,0.000000,460,570,640,690,780,810,880,890,890,890,890,67,0,460,451.1284969969472,56.211400078609586,892.2171001322567,10575.373134328358
1780195239,100,,Aggregated,8.000000,0.000000,630,770,800,850,910,970,990,1000,1000,1000,1000,117,0,630,598.5818504132967,56.211400078609586,1044.3037999793887,10838.205128205129
1780195240,120,,Aggregated,12.000000,0.000000,750,830,890,910,1000,1100,1100,1200,1400,1400,1400,175,0,750,692.6464708468744,56.211400078609586,1398.187299957499,10551.857142857143
1780195241,140,,Aggregated,17.500000,0.000000,830,920,1000,1000,1200,1200,1300,1400,1500,1500,1500,238,0,820,795.9234285659446,56.211400078609586,1477.1670000627637,10549.68487394958
1780195242,160,,Aggregated,24.800000,0.000000,890,1000,1100,1200,1300,1500,1700,1800,1900,1900,1900,283,0,890,888.9128339128049,56.211400078609586,1861.5841998253018,10580.572438162544
1780195244,180,,Aggregated,30.500000,0.000000,970,1200,1300,1500,2000,2100,2100,2200,2300,2300,2300,340,0,970,1057.01232528629,56.211400078609586,2257.4430000968277,10526.958823529412
1780195245,200,,Aggregated,34.000000,0.000000,1000,1300,1600,1800,2100,2200,2300,2500,2700,2700,2700,393,0,1000,1174.2398740377741,56.211400078609586,2703.8424001075327,10647.381679389313
1780195246,200,,Aggregated,37.777778,0.000000,1200,1700,1900,2000,2300,2500,2900,2900,3100,3100,3100,479,0,1200,1356.5739327691697,56.211400078609586,3109.8082000389695,10580.093945720251
1780195247,200,,Aggregated,39.300000,0.000000,1400,1800,2100,2200,2500,2600,2800,2900,3100,3100,3100,542,0,1400,1453.9524994380738,56.211400078609586,3109.8082000389695,10635.273062730626
1780195248,200,,Aggregated,47.300000,0.000000,1600,2000,2200,2300,2500,2700,2900,3000,3200,3200,3200,609,0,1600,1541.4226438348564,56.211400078609586,3197.0089999958873,10566.091954022988
1780195249,200,,Aggregated,47.300000,0.000000,1700,2100,2300,2400,2700,2900,3100,3200,3500,3500,3500,699,0,1700,1661.7019437703148,56.211400078609586,3522.539199795574,10524.58226037196
1780195250,200,,Aggregated,56.100000,0.000000,1800,2200,2300,2500,2700,2900,3200,3300,3600,3600,3600,768,0,1800,1734.9317007750262,56.211400078609586,3576.274099992588,10529.76953125
1780195251,200,,Aggregated,62.900000,0.000000,2000,2200,2400,2500,2700,2900,3200,3300,3600,3600,3600,845,0,2000,1801.6697191674616,56.211400078609586,3576.274099992588,10440.396449704142
1780195252,200,,Aggregated,64.300000,0.000000,2000,2300,2500,2600,2800,3000,3300,3400,3900,3900,3900,919,0,2000,1865.2344947729982,56.211400078609586,3913.9398999977857,10375.636561479869
1780195253,200,,Aggregated,65.800000,0.000000,2100,2300,2500,2600,2900,3100,3300,3500,4500,4500,4500,978,0,2100,1916.5210757635016,56.211400078609586,4492.504399968311,10437.806748466257
1780195254,200,,Aggregated,67.500000,0.000000,2100,2400,2600,2700,2900,3200,3400,3500,4300,4500,4500,1047,0,2100,1958.8470490897962,56.211400078609586,4492.504399968311,10450.253104106972
1780195255,200,,Aggregated,69.000000,0.000000,2100,2400,2600,2700,3000,3300,3500,3800,4300,4500,4500,1138,0,2100,2017.4405605418474,56.211400078609586,4492.504399968311,10437.000878734621
1780195256,200,,Aggregated,70.300000,0.000000,2200,2500,2600,2700,3000,3300,3500,3700,4300,4500,4500,1219,0,2200,2048.1703761245726,56.211400078609586,4492.504399968311,10440.774405250206
1780195257,200,,Aggregated,74.200000,0.000000,2200,2500,2600,2800,3000,3300,3500,3800,4300,4500,4500,1281,0,2200,2070.8641857116,56.211400078609586,4492.504399968311,10397.575331772054
1780195258,200,,Aggregated,74.200000,0.000000,2200,2500,2700,2800,3000,3300,3500,3800,4300,4500,4500,1378,0,2200,2105.94722996966,56.211400078609586,4492.504399968311,10349.817126269956
1780195259,200,,Aggregated,74.100000,0.000000,2200,2500,2700,2800,3100,3300,3600,3800,4500,4600,4600,1444,0,2200,2127.950797298468,56.211400078609586,4611.0625001601875,10401.254847645429
1780195260,200,,Aggregated,76.000000,0.000000,2200,2500,2700,2800,3100,3300,3600,3800,4500,4600,4600,1513,0,2200,2140.1704093184376,56.211400078609586,4611.0625001601875,10362.164573694647
1780195261,200,,Aggregated,73.500000,0.000000,2300,2600,2700,2800,3100,3300,3600,3800,4500,4600,4600,1584,0,2300,2171.2237020824846,56.211400078609586,4611.0625001601875,10395.399621212122
1780195262,200,,Aggregated,73.500000,0.000000,2300,2600,2700,2900,3100,3300,3700,3800,4600,4700,4700,1641,0,2300,2192.937150883042,56.211400078609586,4709.571599960327,10419.08226691042
1780195263,200,,Aggregated,73.300000,0.000000,2300,2600,2800,2900,3100,3400,3700,3900,4700,4700,4700,1723,0,2300,2219.631007080249,56.211400078609586,4720.563399838284,10417.84097504353
1780195264,200,,Aggregated,72.500000,0.000000,2300,2600,2800,2900,3200,3400,3800,4000,4700,4700,4700,1793,0,2300,2243.696112715786,56.211400078609586,4720.563399838284,10417.589514779698
1780195265,200,,Aggregated,72.400000,0.000000,2300,2600,2800,2900,3200,3400,3800,4000,4700,4700,4700,1869,0,2300,2256.6099607804517,56.211400078609586,4720.563399838284,10422.092562867843
1780195266,200,,Aggregated,74.000000,0.000000,2300,2600,2800,2900,3200,3400,3800,3900,4700,4700,4700,1946,0,2300,2265.7920819109463,56.211400078609586,4720.563399838284,10435.327852004111
1780195267,200,,Aggregated,71.800000,0.000000,2400,2600,2800,2900,3200,3400,3800,3900,4700,4700,4700,2027,0,2400,2277.4315972854515,56.211400078609586,4720.563399838284,10404.782437099162
1780195268,200,,Aggregated,70.600000,0.000000,2400,2600,2800,2900,3200,3400,3800,3900,4700,4700,4700,2114,0,2400,2285.8834955524107,56.211400078609586,4720.563399838284,10397.670766319772
1780195269,200,,Aggregated,73.000000,0.000000,2400,2600,2800,2900,3200,3400,3800,3900,4700,4700,4700,2182,0,2400,2290.6660518775875,56.211400078609586,4720.563399838284,10391.150779101741
1780195270,200,,Aggregated,72.800000,0.000000,2400,2600,2800,2900,3200,3400,3800,3900,4700,4700,4700,2264,0,2400,2293.658407772879,56.211400078609586,4720.563399838284,10387.892667844522
1780195271,200,,Aggregated,73.900000,0.000000,2400,2600,2800,2900,3200,3400,3800,3900,4700,4700,4700,2346,0,2400,2304.4609630004825,56.211400078609586,4720.563399838284,10410.176896845695
1780195272,200,,Aggregated,74.100000,0.000000,2400,2600,2800,2900,3200,3400,3700,3900,4700,4700,4700,2409,0,2400,2311.055947322477,56.211400078609586,4720.563399838284,10401.914487339145
1780195273,200,,Aggregated,73.200000,0.000000,2400,2600,2800,2900,3200,3400,3700,3900,4700,4700,4700,2467,0,2400,2315.6946440612205,56.211400078609586,4720.563399838284,10406.749493311714
1780195274,200,,Aggregated,76.600000,0.000000,2400,2700,2800,2900,3200,3400,3700,3900,4700,4700,4700,2563,0,2400,2328.4434074518886,56.211400078609586,4720.563399838284,10387.131876706984
1780195275,200,,Aggregated,76.800000,0.000000,2400,2700,2800,2900,3200,3400,3800,3900,4700,4800,4800,2629,0,2400,2333.8588799921013,56.211400078609586,4783.228900050744,10378.597945987067
1780195276,200,,Aggregated,75.900000,0.000000,2400,2700,2800,2900,3200,3400,3800,4000,4700,4800,4800,2711,0,2400,2342.966237734098,56.211400078609586,4783.228900050744,10376.378089265954
1780195277,200,,Aggregated,77.000000,0.000000,2400,2700,2800,2900,3200,3400,3800,4100,4700,4800,4800,2789,0,2400,2349.2924534229346,56.211400078609586,4783.228900050744,10367.410541412693
1780195278,200,,Aggregated,77.000000,0.000000,2400,2700,2800,2900,3200,3400,3800,4000,4700,4800,4800,2843,0,2400,2353.633216741445,56.211400078609586,4783.228900050744,10367.001758705592
1780195279,200,,Aggregated,74.800000,0.000000,2400,2700,2800,2900,3200,3400,3800,4000,4700,4800,4800,2940,0,2400,2365.5025134680373,56.211400078609586,4783.228900050744,10376.600340136054
1780195280,200,,Aggregated,74.400000,0.000000,2400,2700,2800,2900,3200,3400,3800,4000,4700,4800,4800,3008,0,2400,2372.2671154243103,56.211400078609586,4783.228900050744,10369.744348404256
1780195281,200,,Aggregated,72.500000,0.000000,2400,2700,2800,2900,3200,3500,3800,4000,4700,4800,4800,3083,0,2400,2374.5137084317926,56.211400078609586,4783.228900050744,10361.109633473889
1780195282,200,,Aggregated,73.700000,0.000000,2400,2700,2800,2900,3200,3500,3800,4000,4700,4800,4800,3140,0,2400,2379.4886592978755,56.211400078609586,4783.228900050744,10368.879617834395
1780195283,200,,Aggregated,74.100000,0.000000,2400,2700,2900,3000,3200,3500,3800,4000,4700,4800,4800,3230,0,2400,2386.6696770882504,56.211400078609586,4783.228900050744,10360.003095975233
1780195284,200,,Aggregated,71.800000,0.000000,2400,2700,2900,3000,3200,3500,3800,4000,4700,4800,4800,3290,0,2400,2392.123064648864,56.211400078609586,4783.228900050744,10371.86838905775
1780195285,200,,Aggregated,73.900000,0.000000,2400,2700,2900,3000,3200,3500,3800,4000,4700,4800,4800,3370,0,2400,2398.1098359038238,56.211400078609586,4783.228900050744,10379.839169139466
1780195286,200,,Aggregated,72.400000,0.000000,2500,2700,2900,3000,3200,3500,3800,4000,4700,4800,4800,3441,0,2500,2402.626868787018,56.211400078609586,4783.228900050744,10365.093577448417
1780195287,200,,Aggregated,71.500000,0.000000,2500,2700,2900,3000,3200,3500,3800,4000,4700,4800,4800,3525,0,2500,2407.141146069749,56.211400078609586,4783.228900050744,10368.36
1780195288,200,,Aggregated,71.500000,0.000000,2500,2700,2900,3000,3200,3500,3800,4000,4700,4800,4800,3567,0,2500,2409.850154750369,56.211400078609586,4783.228900050744,10363.351275581721
1780195289,200,,Aggregated,74.700000,0.000000,2500,2700,2900,3000,3200,3500,3800,4000,4700,4800,4800,3637,0,2500,2418.9675301332604,56.211400078609586,4783.228900050744,10380.740170470168
1780195290,200,,Aggregated,71.900000,0.000000,2500,2700,2900,3000,3200,3500,3800,4000,4700,4800,4800,3736,0,2500,2429.885713301292,56.211400078609586,4783.228900050744,10395.388115631691
1780195291,200,,Aggregated,71.800000,0.000000,2500,2700,2900,3000,3200,3500,3800,4000,4700,4800,4800,3808,0,2500,2428.157310239641,56.211400078609586,4783.228900050744,10389.918329831933
1780195292,200,,Aggregated,71.700000,0.000000,2500,2700,2900,3000,3200,3500,3800,4000,4700,4800,4800,3892,0,2500,2428.7088793920298,56.211400078609586,4783.228900050744,10383.857142857143
1780195293,200,,Aggregated,73.700000,0.000000,2500,2700,2900,3000,3200,3500,3800,4000,4700,4800,4800,3935,0,2500,2431.131693366039,56.211400078609586,4783.228900050744,10379.404066073697
1780195294,200,,Aggregated,72.700000,0.000000,2500,2700,2900,3000,3200,3500,3800,4000,4600,4800,4800,4002,0,2500,2441.2799270352702,56.211400078609586,4783.228900050744,10393.545977011494
1780195295,200,,Aggregated,72.200000,0.000000,2500,2700,2900,3000,3200,3500,3800,4100,4700,4800,4800,4101,0,2500,2451.065980125697,56.211400078609586,4817.428099922836,10388.286271641064
1780195296,200,,Aggregated,71.300000,0.000000,2500,2700,2900,3000,3300,3500,3800,4100,4700,4800,4800,4161,0,2500,2452.444788776034,56.211400078609586,4817.428099922836,10383.311463590482
1780195297,200,,Aggregated,71.100000,0.000000,2500,2700,2900,3000,3200,3500,3800,4100,4700,4900,4900,4242,0,2500,2451.0699929508132,56.211400078609586,4893.65250011906,10366.577322017916
1780195298,200,,Aggregated,73.600000,0.000000,2500,2700,2900,3000,3200,3500,3800,4100,4700,4900,4900,4307,0,2500,2453.3988027855025,56.211400078609586,4893.65250011906,10365.322962618993
1780195299,200,,Aggregated,71.400000,0.000000,2500,2700,2900,3000,3300,3500,3800,4100,4700,4900,4900,4381,0,2500,2456.5957655321427,56.211400078609586,4893.65250011906,10380.377082857794
1780195300,200,,Aggregated,72.700000,0.000000,2500,2800,2900,3000,3300,3500,3800,4100,4800,5100,5100,4435,0,2500,2463.0541620733534,56.211400078609586,5070.622100029141,10388.868545659527
1780195301,200,,Aggregated,73.400000,0.000000,2500,2800,2900,3000,3300,3600,3900,4100,4800,5100,5100,4523,0,2500,2469.5702896958637,56.211400078609586,5070.622100029141,10382.52818925492
1780195302,200,,Aggregated,70.400000,0.000000,2500,2800,2900,3000,3300,3600,3900,4100,4800,5100,5100,4597,0,2500,2474.3218671295276,56.211400078609586,5070.622100029141,10388.539917337393
1780195303,200,,Aggregated,70.200000,0.000000,2500,2800,2900,3000,3300,3600,3900,4100,4800,5100,5100,4645,0,2500,2474.812537630563,56.211400078609586,5070.622100029141,10387.719483315394
1780195304,200,,Aggregated,70.700000,0.000000,2500,2800,2900,3000,3300,3600,3900,4100,4900,5100,5100,4728,0,2500,2481.4954078455385,56.211400078609586,5070.622100029141,10391.881556683587
1780195305,200,,Aggregated,70.500000,0.000000,2500,2800,2900,3000,3300,3600,3900,4200,4900,5400,5400,4780,0,2500,2486.499064412917,56.211400078609586,5391.041500028223,10405.419246861924
1780195306,200,,Aggregated,71.800000,0.000000,2500,2800,2900,3000,3300,3600,3900,4200,4900,5400,5400,4863,0,2500,2491.4461033712364,56.211400078609586,5391.041500028223,10403.648776475427
1780195307,200,,Aggregated,71.000000,0.000000,2500,2800,2900,3000,3300,3600,3900,4200,4900,5400,5400,4945,0,2500,2492.7665639424335,56.211400078609586,5391.041500028223,10390.278665318503
1780195308,200,,Aggregated,68.700000,0.000000,2500,2800,2900,3000,3300,3600,3900,4300,5000,5400,5400,5007,0,2500,2494.126190432904,56.211400078609586,5406.330000143498,10408.416217295786
1780195309,200,,Aggregated,69.100000,0.000000,2500,2800,2900,3000,3300,3600,3900,4300,5000,5400,5400,5060,0,2500,2499.0677958491938,56.211400078609586,5406.330000143498,10417.264031620552
1780195310,200,,Aggregated,70.600000,0.000000,2500,2800,2900,3000,3300,3600,3900,4300,5000,5400,5400,5132,0,2500,2503.791547777815,56.211400078609586,5406.330000143498,10410.058261886204
1780195311,200,,Aggregated,68.500000,0.000000,2500,2800,2900,3000,3300,3700,4000,4300,5000,5400,5400,5217,0,2500,2510.885305480879,56.211400078609586,5406.330000143498,10414.548399463292
1780195312,200,,Aggregated,70.500000,0.000000,2500,2800,2900,3000,3300,3700,4000,4300,5000,5400,5400,5282,0,2500,2511.2985476702206,56.211400078609586,5406.330000143498,10431.07478227944
1780195313,200,,Aggregated,70.100000,0.000000,2500,2800,2900,3000,3300,3600,4000,4300,5000,5400,5400,5354,0,2500,2510.5434824231343,56.211400078609586,5406.330000143498,10418.746918192006
1780195314,200,,Aggregated,70.000000,0.000000,2500,2800,2900,3000,3300,3600,4000,4300,5000,5400,5400,5426,0,2500,2513.0151454655374,56.211400078609586,5406.330000143498,10407.090858827865
1780195315,200,,Aggregated,67.800000,0.000000,2500,2800,2900,3000,3300,3700,4000,4300,5100,5400,5400,5501,0,2500,2516.761170095493,56.211400078609586,5406.330000143498,10407.860570805307
1780195316,200,,Aggregated,70.300000,0.000000,2500,2800,2900,3000,3300,3700,4000,4300,5300,6000,6000,5599,0,2500,2519.451421342571,56.211400078609586,6005.553000140935,10410.044650830505
1780195317,200,,Aggregated,71.100000,0.000000,2500,2800,2900,3000,3300,3700,4000,4300,5300,6000,6000,5657,0,2500,2518.9144431319683,56.211400078609586,6005.553000140935,10408.801838430263
1780195318,200,,Aggregated,70.800000,0.000000,2500,2800,2900,3000,3300,3600,4000,4300,5300,6000,6000,5736,0,2500,2517.4560081758445,56.211400078609586,6005.553000140935,10400.932182705717
1780195319,200,,Aggregated,71.500000,0.000000,2500,2800,2900,3000,3300,3600,4000,4300,5300,6000,6000,5828,0,2500,2516.7327919178633,56.211400078609586,6005.553000140935,10389.463280713795
1780195320,200,,Aggregated,71.800000,0.000000,2500,2800,2900,3000,3300,3600,4000,4300,5300,6000,6000,5896,0,2500,2518.0389011190923,56.211400078609586,6005.553000140935,10393.172829036635
1780195321,200,,Aggregated,73.500000,0.000000,2500,2800,2900,3000,3300,3600,4000,4300,5300,6000,6000,5973,0,2500,2514.4919665156813,56.211400078609586,6005.553000140935,10383.735811150176
1780195322,200,,Aggregated,74.900000,0.000000,2500,2800,2900,3000,3300,3600,4000,4300,5200,6000,6000,6038,0,2500,2516.2933034609564,56.211400078609586,6005.553000140935,10387.668764491553
1780195323,200,,Aggregated,74.400000,0.000000,2500,2800,2900,3000,3300,3600,4000,4300,5200,6000,6000,6117,0,2500,2518.26258257279,56.211400078609586,6005.553000140935,10400.471145986594
1780195324,200,,Aggregated,73.800000,0.000000,2500,2800,2900,3000,3300,3600,4000,4300,5200,6000,6000,6184,0,2500,2518.9840249672957,56.211400078609586,6005.553000140935,10402.75436610608
1780195325,200,,Aggregated,76.000000,0.000000,2500,2800,2900,3000,3300,3600,4000,4300,5200,6000,6000,6266,0,2500,2520.3431552023194,56.211400078609586,6005.553000140935,10401.271145866582
1780195326,200,,Aggregated,74.400000,0.000000,2500,2800,2900,3000,3300,3600,4000,4300,5200,6000,6000,6337,0,2500,2521.597316521728,56.211400078609586,6005.553000140935,10408.225501025721
1780195327,200,,Aggregated,74.700000,0.000000,2500,2800,2900,3000,3300,3600,4000,4300,5200,6000,6000,6414,0,2500,2523.367554318313,56.211400078609586,6005.553000140935,10417.716713439351
1780195328,200,,Aggregated,76.000000,0.000000,2500,2800,2900,3000,3300,3600,4000,4300,5200,6000,6000,6495,0,2500,2522.3593736255257,56.211400078609586,6005.553000140935,10408.436797536566
1780195329,200,,Aggregated,74.100000,0.000000,2500,2800,2900,3000,3300,3600,4000,4300,5200,6000,6000,6568,0,2500,2523.7548049480765,56.211400078609586,6005.553000140935,10413.641291108404
1780195330,200,,Aggregated,74.100000,0.000000,2500,2800,2900,3000,3300,3600,4000,4300,5200,6000,6000,6633,0,2500,2524.5966484996798,56.211400078609586,6005.553000140935,10406.399819086386
1780195331,200,,Aggregated,75.100000,0.000000,2500,2800,2900,3000,3300,3600,4000,4300,5200,6000,6000,6714,0,2500,2526.442812496066,56.211400078609586,6005.553000140935,10415.840780458742
1780195332,200,,Aggregated,73.900000,0.000000,2500,2800,2900,3000,3300,3600,4000,4300,5200,6000,6000,6789,0,2500,2527.67651004551,56.211400078609586,6005.553000140935,10417.878332596847
1780195333,200,,Aggregated,72.800000,0.000000,2500,2800,2900,3000,3300,3600,4000,4300,5200,6000,6000,6849,0,2500,2529.2857267189743,56.211400078609586,6005.553000140935,10426.963498320923
1780195334,200,,Aggregated,74.200000,0.000000,2500,2800,2900,3000,3300,3600,4000,4300,5200,6000,6000,6968,0,2500,2529.1684428385292,56.211400078609586,6005.553000140935,10419.31113662457
1780195335,200,,Aggregated,73.900000,0.000000,2500,2800,2900,3000,3300,3600,4000,4300,5100,6000,6000,7008,0,2500,2528.8353367150044,56.211400078609586,6005.553000140935,10420.529965753425
1780195336,200,,Aggregated,73.300000,0.000000,2500,2800,2900,3000,3300,3600,4000,4300,5100,6000,6000,7088,0,2500,2526.699020682608,56.211400078609586,6005.553000140935,10413.51072234763
1780195337,200,,Aggregated,76.500000,0.000000,2500,2800,2900,3000,3300,3600,4000,4300,5100,6000,6000,7189,0,2500,2530.264286340022,56.211400078609586,6005.553000140935,10417.895813047711
1780195338,200,,Aggregated,73.000000,0.000000,2500,2800,2900,3000,3300,3600,4000,4300,5100,6000,6000,7244,0,2500,2529.6566751793293,56.211400078609586,6005.553000140935,10421.897018221976
1780195339,200,,Aggregated,75.400000,0.000000,2500,2800,2900,3000,3300,3600,4000,4300,5100,6000,6000,7329,0,2500,2527.4152434709263,56.211400078609586,6005.553000140935,10406.667758220767
1780195340,200,,Aggregated,75.800000,0.000000,2500,2800,2900,3000,3300,3600,4000,4300,5100,6000,6000,7412,0,2500,2528.072050714614,56.211400078609586,6005.553000140935,10403.099028602266
1780195341,200,,Aggregated,74.500000,0.000000,2500,2800,2900,3000,3300,3600,4000,4300,5100,6000,6000,7490,0,2500,2526.644241828554,56.211400078609586,6005.553000140935,10401.663150867824
1780195342,200,,Aggregated,73.500000,0.000000,2500,2800,2900,3000,3300,3600,4000,4300,5100,6000,6000,7565,0,2500,2524.0344341171767,56.211400078609586,6005.553000140935,10398.897025776603
1780195343,200,,Aggregated,76.400000,0.000000,2500,2800,2900,3000,3300,3600,4000,4300,5100,6000,6000,7642,0,2500,2523.3950736059574,56.211400078609586,6005.553000140935,10403.202564773619
1780195344,200,,Aggregated,77.800000,0.000000,2500,2800,2900,3000,3300,3600,4000,4300,5100,6000,6000,7733,0,2500,2523.149160170281,56.211400078609586,6005.553000140935,10406.516487779645
1780195345,200,,Aggregated,76.600000,0.000000,2500,2800,2900,3000,3300,3600,4000,4300,5100,6000,6000,7807,0,2500,2522.0902498268183,56.211400078609586,6005.553000140935,10401.821570385551
1780195346,200,,Aggregated,77.100000,0.000000,2500,2800,2900,3000,3300,3600,4000,4300,5100,6000,6000,7877,0,2500,2520.920825923233,56.211400078609586,6005.553000140935,10401.09940332614
1780195347,200,,Aggregated,75.300000,0.000000,2500,2800,2900,3000,3300,3600,4000,4300,5100,6000,6000,7957,0,2500,2521.138309374936,56.211400078609586,6005.553000140935,10400.582003267564
1780195348,200,,Aggregated,78.800000,0.000000,2500,2800,2900,3000,3300,3600,4000,4300,5100,6000,6000,8040,0,2500,2520.547057437042,56.211400078609586,6005.553000140935,10404.192412935323
1780195349,200,,Aggregated,77.300000,0.000000,2500,2800,2900,3000,3300,3600,4000,4300,5100,6000,6000,8118,0,2500,2519.490964411713,56.211400078609586,6005.553000140935,10405.591648189209
1780195350,200,,Aggregated,77.600000,0.000000,2500,2800,2900,3000,3300,3600,4000,4300,5100,6000,6000,8196,0,2500,2519.3249963513613,56.211400078609586,6005.553000140935,10412.373962908736
1780195351,200,,Aggregated,77.700000,0.000000,2500,2800,2900,3000,3300,3600,4000,4300,5100,6000,6000,8273,0,2500,2519.6802737574576,56.211400078609586,6005.553000140935,10414.914299528587
1780195352,200,,Aggregated,79.600000,0.000000,2500,2800,2900,3000,3300,3600,4000,4300,5100,6000,6000,8358,0,2500,2518.7048935508237,56.211400078609586,6005.553000140935,10410.84553720986
1780195353,200,,Aggregated,77.800000,0.000000,2500,2800,2900,3000,3300,3600,4000,4300,5100,6000,6000,8414,0,2500,2518.3069000592195,56.211400078609586,6005.553000140935,10415.549679106252
1780195354,200,,Aggregated,76.700000,0.000000,2500,2800,2900,3000,3300,3600,4000,4300,5100,6000,6000,8529,0,2500,2516.9235155818787,56.211400078609586,6005.553000140935,10412.128151014187
1780195355,200,,Aggregated,79.500000,0.000000,2500,2800,2900,3000,3300,3600,3900,4300,5100,6000,6000,8600,0,2500,2514.8147711856454,56.211400078609586,6005.553000140935,10405.076976744185
1780195356,200,,Aggregated,77.700000,0.000000,2500,2800,2900,3000,3300,3600,3900,4300,5100,6000,6000,8633,0,2500,2513.3988769832426,56.211400078609586,6005.553000140935,10400.788833545697
1780195357,200,,Aggregated,79.600000,0.000000,2500,2800,2900,3000,3300,3600,3900,4300,5100,6000,6000,8713,0,2500,2516.326705106975,56.211400078609586,6005.553000140935,10400.744060599105
1780195358,200,,Aggregated,79.100000,0.000000,2500,2800,2900,3000,3300,3600,4000,4300,5100,6000,6000,8802,0,2500,2519.84734219476,56.211400078609586,6005.553000140935,10406.55157918655
1780195359,200,,Aggregated,74.300000,0.000000,2500,2800,2900,3000,3300,3600,4000,4300,5100,6000,6000,8903,0,2500,2517.8719335054034,56.211400078609586,6005.553000140935,10409.684937661463
1780195360,200,,Aggregated,75.100000,0.000000,2500,2800,2900,3000,3300,3600,4000,4300,5100,6000,6000,8985,0,2500,2515.7736040623436,56.211400078609586,6005.553000140935,10408.026711185308
1780195361,200,,Aggregated,76.700000,0.000000,2500,2800,2900,3000,3300,3600,4000,4300,5100,6000,6000,9074,0,2500,2512.207110987479,56.211400078609586,6005.553000140935,10406.297994269342
1780195362,200,,Aggregated,77.900000,0.000000,2500,2800,2900,3000,3300,3600,4000,4300,5100,6000,6000,9146,0,2500,2510.447573365391,56.211400078609586,6005.553000140935,10413.303192652525
1780195364,200,,Aggregated,78.400000,0.000000,2500,2700,2900,3000,3300,3600,4000,4300,5100,6000,6000,9213,0,2500,2509.4437403667694,56.211400078609586,6005.553000140935,10415.656246608054
1780195365,200,,Aggregated,79.300000,0.000000,2500,2700,2900,3000,3300,3600,3900,4300,5100,6000,6000,9303,0,2500,2509.184127550058,56.211400078609586,6005.553000140935,10417.97871654305
1780195366,200,,Aggregated,77.700000,0.000000,2500,2700,2900,3000,3300,3600,3900,4300,5100,6000,6000,9386,0,2500,2508.456004985892,56.211400078609586,6005.553000140935,10423.800980183252
1780195367,200,,Aggregated,77.200000,0.000000,2500,2700,2900,3000,3300,3600,3900,4300,5100,6000,6000,9447,0,2500,2507.625097999075,56.211400078609586,6005.553000140935,10423.130729332062
1780195368,200,,Aggregated,77.200000,0.000000,2500,2700,2900,3000,3300,3600,3900,4300,5100,6000,6000,9523,0,2500,2507.627840554315,56.211400078609586,6005.553000140935,10421.068360810668
1780195369,200,,Aggregated,80.900000,0.000000,2500,2700,2900,3000,3300,3600,3900,4300,5100,6000,6000,9620,0,2500,2507.96320663184,56.211400078609586,6005.553000140935,10421.834615384616
1780195370,200,,Aggregated,79.800000,0.000000,2500,2700,2900,3000,3300,3600,3900,4300,5100,6000,6000,9693,0,2500,2506.262619735739,56.211400078609586,6005.553000140935,10412.975136696585
1780195371,200,,Aggregated,80.600000,0.000000,2500,2700,2900,3000,3300,3600,3900,4300,5100,6000,6000,9783,0,2500,2505.9811105792974,56.211400078609586,6005.553000140935,10407.324133701319
1780195372,200,,Aggregated,76.800000,0.000000,2500,2700,2900,3000,3300,3600,3900,4300,5100,6000,6000,9858,0,2500,2505.9363481334253,56.211400078609586,6005.553000140935,10412.046865489958
1780195373,200,,Aggregated,77.900000,0.000000,2500,2700,2900,3000,3300,3600,3900,4300,5100,6000,6000,9936,0,2500,2504.306019212792,56.211400078609586,6005.553000140935,10409.688909017714
1780195374,200,,Aggregated,78.000000,0.000000,2500,2700,2900,3000,3300,3600,3900,4300,5000,5600,6000,10029,0,2500,2504.3558452685857,56.211400078609586,6005.553000140935,10410.08973975471
1780195375,200,,Aggregated,77.200000,0.000000,2500,2700,2900,3000,3300,3600,3900,4300,5000,5600,6000,10099,0,2500,2503.0742474797694,56.211400078609586,6005.553000140935,10410.633627091791
1780195376,200,,Aggregated,77.200000,0.000000,2500,2700,2900,3000,3300,3600,3900,4300,5000,5600,6000,10166,0,2500,2502.321962010473,56.211400078609586,6005.553000140935,10412.791756836514
1780195377,200,,Aggregated,79.100000,0.000000,2500,2700,2900,3000,3300,3600,3900,4300,5000,5600,6000,10255,0,2500,2502.6649291465305,56.211400078609586,6005.553000140935,10404.159239395416
1780195378,200,,Aggregated,78.000000,0.000000,2500,2700,2900,3000,3300,3600,3900,4300,5000,5600,6000,10335,0,2500,2502.8886955391918,56.211400078609586,6005.553000140935,10405.23115626512
1780195379,200,,Aggregated,81.000000,0.000000,2500,2700,2900,3000,3300,3600,3900,4300,5000,5600,6000,10376,0,2500,2502.548470248323,56.211400078609586,6005.553000140935,10399.808693138011
1780195380,200,,Aggregated,80.900000,0.000000,2500,2700,2900,3000,3300,3600,3900,4300,5000,5600,6000,10489,0,2500,2503.6056747923885,56.211400078609586,6005.553000140935,10393.779673944133
1780195381,200,,Aggregated,75.800000,0.000000,2500,2700,2900,3000,3300,3600,3900,4200,5000,5600,6000,10561,0,2500,2505.1568017515046,56.211400078609586,6005.553000140935,10399.097339267115
1780195382,200,,Aggregated,79.200000,0.000000,2500,2700,2900,3000,3300,3600,3900,4200,5000,5600,6000,10628,0,2500,2501.777803575242,56.211400078609586,6005.553000140935,10394.731840421528
1780195383,200,,Aggregated,78.800000,0.000000,2500,2700,2900,3000,3300,3600,3900,4200,5000,5600,6000,10711,0,2500,2501.524626841399,56.211400078609586,6005.553000140935,10394.111940995239
1780195384,200,,Aggregated,76.500000,0.000000,2500,2700,2900,3000,3300,3600,3900,4200,5000,5600,6000,10798,0,2500,2502.6158998053475,56.211400078609586,6005.553000140935,10397.997869975921
1780195385,200,,Aggregated,77.300000,0.000000,2500,2700,2900,3000,3300,3600,3900,4200,5000,5600,6000,10880,0,2500,2501.419654724079,56.211400078609586,6005.553000140935,10396.647702205883
1780195386,200,,Aggregated,76.100000,0.000000,2500,2700,2900,3000,3300,3600,3900,4200,5000,5600,6000,10939,0,2500,2501.577492430526,56.211400078609586,6005.553000140935,10395.925221683883
1780195387,200,,Aggregated,76.100000,0.000000,2500,2700,2900,3000,3300,3600,3900,4200,4900,5600,6000,11040,0,2500,2502.1519247459255,56.211400078609586,6005.553000140935,10395.000543478262
1780195388,200,,Aggregated,74.800000,0.000000,2500,2700,2900,3000,3300,3600,3900,4200,4900,5600,6000,11098,0,2500,2502.5241500265943,56.211400078609586,6005.553000140935,10397.899441340782
1780195389,200,,Aggregated,76.600000,0.000000,2500,2700,2900,3000,3300,3600,3900,4200,4900,5600,6000,11170,0,2500,2502.1081865529304,56.211400078609586,6005.553000140935,10395.569471799463
1780195390,200,,Aggregated,74.900000,0.000000,2500,2700,2900,3000,3300,3600,3900,4200,4900,5600,6000,11263,0,2500,2503.4536131222662,56.211400078609586,6005.553000140935,10399.376809020687
1780195391,200,,Aggregated,76.200000,0.000000,2500,2700,2900,3000,3300,3600,3900,4200,4900,5600,6000,11322,0,2500,2503.0073806833784,56.211400078609586,6005.553000140935,10403.703939233352
1780195392,200,,Aggregated,77.300000,0.000000,2500,2700,2900,3000,3300,3600,3900,4200,4900,5600,6000,11431,0,2500,2501.892819823047,56.211400078609586,6005.553000140935,10397.077158603797
1780195393,200,,Aggregated,75.300000,0.000000,2500,2700,2900,3000,3300,3600,3900,4200,4900,5600,6000,11501,0,2500,2500.8879384138313,56.211400078609586,6005.553000140935,10393.354490913833
1780195394,200,,Aggregated,76.200000,0.000000,2500,2700,2900,3000,3300,3600,3900,4200,4900,5600,6000,11553,0,2500,2500.8058716435457,56.211400078609586,6005.553000140935,10393.472171730287
1780195395,200,,Aggregated,79.600000,0.000000,2500,2700,2900,3000,3300,3600,3900,4200,4900,5600,6000,11652,0,2500,2502.022853381197,56.211400078609586,6005.553000140935,10388.668898043254
1780195396,200,,Aggregated,75.500000,0.000000,2500,2700,2900,3000,3300,3600,3900,4200,4900,5600,6000,11729,0,2500,2502.2269869806946,56.211400078609586,6005.553000140935,10394.07852331827
1780195397,200,,Aggregated,72.900000,0.000000,2500,2700,2900,3000,3300,3600,3900,4200,4900,5600,6000,11776,0,2500,2499.6927550353316,56.211400078609586,6005.553000140935,10387.508237092392
1780195398,200,,Aggregated,80.100000,0.000000,2500,2700,2900,3000,3300,3600,3900,4200,4900,5600,6000,11899,0,2500,2498.28651286631,56.211400078609586,6005.553000140935,10388.035213043113
1780195399,200,,Aggregated,75.500000,0.000000,2500,2700,2900,3000,3300,3600,3900,4200,4900,5600,6000,11953,0,2500,2498.4942570146386,56.211400078609586,6005.553000140935,10393.511252405255
1780195400,200,,Aggregated,80.800000,0.000000,2500,2700,2900,3000,3300,3600,3900,4200,4900,5600,6000,12032,0,2500,2497.8117349981394,56.211400078609586,6005.553000140935,10386.13123337766
1780195401,200,,Aggregated,80.100000,0.000000,2500,2700,2900,3000,3300,3600,3900,4200,4900,5600,6000,12120,0,2500,2499.8584393563356,56.211400078609586,6005.553000140935,10386.595709570956
1780195402,200,,Aggregated,75.700000,0.000000,2500,2700,2900,3000,3300,3600,3900,4200,4900,5600,6000,12177,0,2500,2500.3261764718923,56.211400078609586,6005.553000140935,10393.558429826722
1780195403,200,,Aggregated,78.100000,0.000000,2500,2700,2900,3000,3300,3600,3900,4200,4900,5600,6000,12270,0,2500,2499.6130225588954,56.211400078609586,6005.553000140935,10392.688834555827
1780195404,200,,Aggregated,77.000000,0.000000,2500,2700,2900,3000,3300,3600,3900,4200,4900,5600,6000,12337,0,2500,2500.8459991325512,56.211400078609586,6005.553000140935,10397.396611818109
1780195405,200,,Aggregated,75.000000,0.000000,2500,2700,2900,3000,3300,3600,3900,4200,4900,5600,6000,12400,0,2500,2500.9479255885194,56.211400078609586,6005.553000140935,10398.8775
1780195406,200,,Aggregated,77.700000,0.000000,2500,2700,2900,3000,3300,3600,3900,4200,4900,5600,6000,12488,0,2500,2502.0172772020255,56.211400078609586,6005.553000140935,10401.94795003203
1780195407,200,,Aggregated,78.600000,0.000000,2500,2700,2900,3000,3300,3600,3900,4200,4900,5600,6000,12575,0,2500,2502.1709622185435,56.211400078609586,6005.553000140935,10405.715387673956
1780195408,200,,Aggregated,73.700000,0.000000,2500,2700,2900,3000,3300,3600,3900,4200,4900,5600,6000,12648,0,2500,2500.5804902907444,56.211400078609586,6005.553000140935,10402.94315306768
1780195409,200,,Aggregated,76.700000,0.000000,2500,2700,2900,3000,3300,3500,3900,4200,4900,5600,6000,12745,0,2500,2499.1297285600726,56.211400078609586,6005.553000140935,10401.879874460572
1780195410,200,,Aggregated,73.800000,0.000000,2500,2700,2900,3000,3300,3500,3900,4200,4900,5600,6000,12800,0,2500,2497.776635991984,56.211400078609586,6005.553000140935,10399.86828125
1780195411,200,,Aggregated,77.200000,0.000000,2500,2700,2900,3000,3300,3500,3900,4200,4900,5600,6000,12838,0,2500,2498.4143448275886,56.211400078609586,6005.553000140935,10408.015267175573
1780195412,200,,Aggregated,78.000000,0.000000,2500,2700,2900,3000,3300,3600,3900,4200,4900,5600,6000,12973,0,2500,2502.0079217756274,56.211400078609586,6005.553000140935,10413.658213212057
1780195413,200,,Aggregated,73.600000,0.000000,2500,2700,2900,3000,3300,3600,3900,4200,4900,5600,6000,13028,0,2500,2500.7696875418933,56.211400078609586,6005.553000140935,10418.531317163033
1780195414,200,,Aggregated,78.600000,0.000000,2500,2700,2900,3000,3300,3600,3900,4200,4900,5600,6000,13116,0,2500,2500.0277752512366,56.211400078609586,6005.553000140935,10412.7076852699
1780195415,200,,Aggregated,76.500000,0.000000,2500,2700,2900,3000,3300,3600,3900,4200,4900,5600,6000,13189,0,2500,2500.079418279955,56.211400078609586,6005.553000140935,10409.935855637274
1780195416,200,,Aggregated,74.700000,0.000000,2500,2700,2900,3000,3300,3600,3900,4200,4900,5600,6000,13250,0,2500,2500.378839705217,56.211400078609586,6005.553000140935,10413.201283018869
1780195417,200,,Aggregated,79.400000,0.000000,2500,2700,2900,3000,3300,3600,3900,4200,4900,6000,6200,13358,0,2500,2501.7099399082044,56.211400078609586,6241.400700062513,10416.51938913011
1780195418,200,,Aggregated,77.200000,0.000000,2500,2700,2900,3000,3300,3600,3900,4200,4900,6000,6200,13421,0,2500,2501.5772554797845,56.211400078609586,6241.400700062513,10419.22226361672
1780195419,200,,Aggregated,74.500000,0.000000,2500,2700,2900,3000,3300,3600,3900,4200,4900,6000,6200,13500,0,2500,2500.2401991327597,56.211400078609586,6241.400700062513,10418.144148148149
1780195420,200,,Aggregated,76.100000,0.000000,2500,2700,2900,3000,3300,3600,3900,4200,4900,6000,6200,13572,0,2500,2500.022534916913,56.211400078609586,6241.400700062513,10415.456822870616
1780195421,200,,Aggregated,74.900000,0.000000,2500,2700,2900,3000,3300,3600,3900,4200,4900,6000,6200,13641,0,2500,2500.466567025246,56.211400078609586,6241.400700062513,10416.579136426948
1780195422,200,,Aggregated,76.500000,0.000000,2500,2700,2900,3000,3300,3600,3900,4200,4900,6000,6200,13726,0,2500,2500.2495101916193,56.211400078609586,6241.400700062513,10412.594710767886
1780195423,200,,Aggregated,79.000000,0.000000,2500,2700,2900,3000,3300,3600,3900,4200,4900,6000,6200,13796,0,2500,2500.8503723535455,56.211400078609586,6241.400700062513,10410.948753261815
1780195424,200,,Aggregated,75.200000,0.000000,2500,2700,2900,3000,3300,3600,3900,4200,4900,6000,6200,13871,0,2500,2500.445005182729,56.211400078609586,6241.400700062513,10409.9246629659
1780195425,200,,Aggregated,75.200000,0.000000,2500,2700,2900,3000,3300,3600,3900,4200,4900,6000,6200,13955,0,2500,2500.948825473901,56.211400078609586,6241.400700062513,10410.29208169115
1780195426,200,,Aggregated,79.700000,0.000000,2500,2700,2900,3000,3300,3600,3900,4200,4900,6000,6200,14053,0,2500,2501.780061359798,56.211400078609586,6241.400700062513,10407.317441115776
1780195427,200,,Aggregated,74.600000,0.000000,2500,2700,2900,3000,3300,3600,3900,4200,4900,6000,6200,14097,0,2500,2500.7761821443696,56.211400078609586,6241.400700062513,10406.632049372207
1780195428,200,,Aggregated,76.900000,0.000000,2500,2700,2900,3000,3300,3600,3900,4200,4900,6000,6200,14194,0,2500,2502.266963089369,56.211400078609586,6241.400700062513,10405.666478793857
1780195429,200,,Aggregated,77.900000,0.000000,2500,2700,2900,3000,3300,3600,3900,4200,4900,6000,6200,14261,0,2500,2503.407739316455,56.211400078609586,6241.400700062513,10407.692237570998
1780195430,200,,Aggregated,73.800000,0.000000,2500,2700,2900,3000,3300,3600,3900,4200,5000,6000,6200,14320,0,2500,2503.3020989520296,56.211400078609586,6241.400700062513,10411.321927374302
1780195431,200,,Aggregated,75.100000,0.000000,2500,2700,2900,3000,3300,3600,3900,4200,5000,6000,6200,14402,0,2500,2504.3033080955984,56.211400078609586,6241.400700062513,10408.80183307874
1780195432,200,,Aggregated,74.900000,0.000000,2500,2700,2900,3000,3300,3600,3900,4200,5000,6000,6200,14487,0,2500,2504.983451687253,56.211400078609586,6241.400700062513,10409.677987160903
1780195433,200,,Aggregated,75.200000,0.000000,2500,2700,2900,3000,3300,3600,3900,4200,5000,6000,6200,14551,0,2500,2504.6079201013767,56.211400078609586,6241.400700062513,10408.5870386915
1780195434,200,,Aggregated,75.400000,0.000000,2500,2700,2900,3000,3300,3600,3900,4200,5000,6000,6200,14631,0,2500,2505.7221294917995,56.211400078609586,6241.400700062513,10410.287266762354
1780195435,200,,Aggregated,75.700000,0.000000,2500,2700,2900,3000,3300,3600,3900,4200,5000,6000,6200,14719,0,2500,2505.0765506347766,56.211400078609586,6241.400700062513,10407.788708472042
1780195436,200,,Aggregated,73.100000,0.000000,2500,2700,2900,3000,3300,3600,3900,4200,5000,6000,6200,14781,0,2500,2504.540486732455,56.211400078609586,6241.400700062513,10406.689533861037
1780195437,200,,Aggregated,76.000000,0.000000,2500,2700,2900,3000,3300,3600,3900,4200,5000,6000,6200,14869,0,2500,2504.2020243521797,56.211400078609586,6241.400700062513,10405.27419463313
1780195438,200,,Aggregated,74.300000,0.000000,2500,2700,2900,3000,3300,3600,3900,4200,5000,6000,6200,14947,0,2500,2504.4892405628084,56.211400078609586,6241.400700062513,10410.11186191209
1780195439,200,,Aggregated,73.200000,0.000000,2500,2700,2900,3000,3300,3600,3900,4200,5000,6000,6200,15009,0,2500,2503.856156545544,56.211400078609586,6241.400700062513,10409.711306549403
1780195440,200,,Aggregated,75.800000,0.000000,2500,2700,2900,3000,3300,3600,3900,4200,5000,6000,6200,15094,0,2500,2503.507460506955,56.211400078609586,6241.400700062513,10405.654895985159
1780195441,200,,Aggregated,75.400000,0.000000,2500,2700,2900,3000,3300,3600,3900,4200,5000,6000,6200,15171,0,2500,2504.0401151863157,56.211400078609586,6241.400700062513,10412.424230439654
1780195442,200,,Aggregated,73.600000,0.000000,2500,2700,2900,3000,3300,3600,3900,4200,5000,6000,6200,15239,0,2500,2503.2954376986513,56.211400078609586,6241.400700062513,10409.87774788372
1780195443,200,,Aggregated,75.900000,0.000000,2500,2700,2900,3000,3300,3600,3900,4200,5000,6000,6200,15316,0,2500,2503.549252996185,56.211400078609586,6241.400700062513,10410.756724993471
1780195444,200,,Aggregated,75.400000,0.000000,2500,2700,2900,3000,3300,3600,3900,4200,5000,6000,6200,15397,0,2500,2504.21094586534,56.211400078609586,6241.400700062513,10415.680976813665
1780195445,200,,Aggregated,75.500000,0.000000,2500,2700,2900,3000,3300,3600,3900,4200,5000,6000,6200,15452,0,2500,2503.4925996174925,56.211400078609586,6241.400700062513,10411.739580636811
1780195446,200,,Aggregated,76.900000,0.000000,2500,2700,2900,3000,3300,3600,3900,4200,5000,6000,6200,15571,0,2500,2504.3036268311917,56.211400078609586,6241.400700062513,10408.994798021964
1780195447,200,,Aggregated,74.900000,0.000000,2500,2700,2900,3000,3300,3600,3900,4200,5000,6000,6200,15621,0,2500,2504.7470848337857,56.211400078609586,6241.400700062513,10412.883874271814
1780195448,200,,Aggregated,73.700000,0.000000,2500,2700,2900,3000,3300,3600,3900,4200,5000,6000,6200,15715,0,2500,2503.7683981284317,56.211400078609586,6241.400700062513,10407.203754374801
1780195449,200,,Aggregated,78.900000,0.000000,2500,2700,2900,3000,3300,3600,3900,4200,5000,6000,6200,15801,0,2500,2503.6786375474558,56.211400078609586,6241.400700062513,10405.197076134422
1780195450,200,,Aggregated,75.600000,0.000000,2500,2700,2900,3000,3300,3600,3900,4200,5000,6000,6200,15862,0,2500,2501.6014221591167,56.211400078609586,6241.400700062513,10400.170344218888
1780195451,200,,Aggregated,76.300000,0.000000,2500,2700,2900,3000,3300,3600,3900,4200,5000,6000,6200,15952,0,2500,2500.919406926246,56.211400078609586,6241.400700062513,10401.751065697092
1780195452,200,,Aggregated,79.800000,0.000000,2500,2700,2900,3000,3200,3500,3900,4200,4900,6000,6200,16037,0,2500,2499.7628494661685,56.211400078609586,6241.400700062513,10401.167113549916
1780195453,200,,Aggregated,76.800000,0.000000,2500,2700,2900,3000,3200,3500,3900,4200,4900,6000,6200,16125,0,2500,2498.3040182567547,56.211400078609586,6241.400700062513,10399.959007751939
1780195454,200,,Aggregated,77.700000,0.000000,2500,2700,2900,3000,3200,3500,3900,4200,4900,6000,6200,16218,0,2500,2496.22450604818,56.211400078609586,6241.400700062513,10397.356825749168
1780195455,200,,Aggregated,78.500000,0.000000,2500,2700,2900,3000,3200,3500,3900,4200,4900,6000,6200,16299,0,2500,2494.408732148491,56.211400078609586,6241.400700062513,10399.95803423523
1780195456,200,,Aggregated,79.900000,0.000000,2500,2700,2900,3000,3200,3500,3900,4200,4900,6000,6200,16358,0,2500,2494.280280155835,56.211400078609586,6241.400700062513,10404.25015283042
1780195457,200,,Aggregated,80.400000,0.000000,2500,2700,2900,3000,3200,3500,3900,4200,4900,6000,6200,16457,0,2500,2493.856971227399,56.211400078609586,6241.400700062513,10403.089202163213
1780195458,200,,Aggregated,83.400000,0.000000,2500,2700,2900,3000,3200,3500,3900,4200,4900,6000,6200,16537,0,2500,2492.4024512480323,56.211400078609586,6241.400700062513,10399.894237165145
1780195459,200,,Aggregated,80.100000,0.000000,2500,2700,2900,3000,3200,3500,3900,4200,4900,6000,6200,16603,0,2500,2492.2972396607515,56.211400078609586,6241.400700062513,10400.575920014455
1780195460,200,,Aggregated,82.600000,0.000000,2500,2700,2900,3000,3200,3500,3900,4200,4900,6000,6200,16693,0,2500,2492.0484454135526,56.211400078609586,6241.400700062513,10398.551488647936
1780195461,200,,Aggregated,81.900000,0.000000,2500,2700,2900,3000,3200,3500,3900,4200,4900,6000,6200,16758,0,2500,2491.355992725198,56.211400078609586,6241.400700062513,10397.294068504594
1780195462,200,,Aggregated,78.200000,0.000000,2500,2700,2900,3000,3200,3500,3900,4200,4900,6000,6200,16838,0,2500,2490.824999274883,56.211400078609586,6241.400700062513,10398.237439125787
1780195463,200,,Aggregated,80.500000,0.000000,2500,2700,2900,3000,3200,3500,3900,4200,4900,6000,6200,16943,0,2500,2489.4832559164006,56.211400078609586,6241.400700062513,10400.609986425072
1780195464,200,,Aggregated,79.500000,0.000000,2500,2700,2900,3000,3200,3500,3900,4200,4900,6000,6200,17012,0,2500,2488.4451901182283,56.211400078609586,6241.400700062513,10402.120150482013
1780195465,200,,Aggregated,78.800000,0.000000,2500,2700,2800,3000,3200,3500,3900,4200,4900,6000,6200,17091,0,2500,2486.9374529454444,56.211400078609586,6241.400700062513,10401.295886724007
1780195466,200,,Aggregated,79.900000,0.000000,2500,2700,2800,3000,3200,3500,3900,4200,4900,6000,6200,17191,0,2500,2485.073314966578,56.211400078609586,6241.400700062513,10401.299284509336
1780195467,200,,Aggregated,79.300000,0.000000,2500,2700,2800,2900,3200,3500,3900,4200,4900,6000,6200,17271,0,2500,2482.8934294418664,56.211400078609586,6241.400700062513,10401.700306872792
1780195468,200,,Aggregated,79.300000,0.000000,2500,2700,2800,2900,3200,3500,3900,4200,4900,6000,6200,17338,0,2500,2481.052306234329,56.211400078609586,6241.400700062513,10401.111777598338
1780195469,200,,Aggregated,81.600000,0.000000,2500,2700,2800,2900,3200,3500,3900,4200,4900,6000,6200,17427,0,2500,2478.8366368732363,56.211400078609586,6241.400700062513,10399.4782808286
1780195470,200,,Aggregated,81.400000,0.000000,2500,2700,2800,2900,3200,3500,3900,4200,4900,6000,6200,17503,0,2500,2479.9850875615593,56.211400078609586,6241.400700062513,10398.622921784838
1780195471,200,,Aggregated,80.100000,0.000000,2500,2700,2800,2900,3200,3500,3900,4200,5000,6000,6200,17582,0,2500,2479.755181156281,56.211400078609586,6241.400700062513,10401.642361506087
1780195472,200,,Aggregated,83.000000,0.000000,2500,2700,2800,2900,3200,3500,3900,4200,5000,6000,6200,17675,0,2500,2478.5158047689165,56.211400078609586,6241.400700062513,10396.996096181047
1780195473,200,,Aggregated,81.800000,0.000000,2500,2700,2800,2900,3200,3500,3900,4200,5000,6000,6200,17748,0,2500,2478.0127626938943,56.211400078609586,6241.400700062513,10403.66322965968
1780195474,200,,Aggregated,81.600000,0.000000,2500,2700,2800,2900,3200,3500,3900,4200,5000,6000,6200,17845,0,2500,2476.611416194428,56.211400078609586,6241.400700062513,10405.08226393948
1780195475,200,,Aggregated,83.900000,0.000000,2500,2700,2800,2900,3200,3500,3900,4200,5000,6000,6200,17919,0,2500,2475.990709614936,56.211400078609586,6241.400700062513,10409.464813884704
1780195476,200,,Aggregated,79.700000,0.000000,2500,2700,2800,2900,3200,3500,3900,4200,5000,6000,6200,17992,0,2500,2474.647497709559,56.211400078609586,6241.400700062513,10408.319530902623
1780195478,200,,Aggregated,81.900000,0.000000,2500,2700,2800,2900,3200,3500,3900,4200,5000,6000,6200,18091,0,2500,2473.378206715454,56.211400078609586,6241.400700062513,10408.014979824222
1780195479,200,,Aggregated,79.000000,0.000000,2500,2700,2800,2900,3200,3500,3900,4200,5000,6000,6200,18174,0,2500,2472.4374236705407,56.211400078609586,6241.400700062513,10409.247551447123
1780195480,200,,Aggregated,79.000000,0.000000,2500,2700,2800,2900,3200,3500,3900,4200,5000,6000,6200,18246,0,2500,2471.6454447050137,56.211400078609586,6241.400700062513,10412.117066754357
1780195481,200,,Aggregated,81.600000,0.000000,2500,2700,2800,2900,3200,3500,3900,4200,5000,6000,6200,18329,0,2500,2471.280408144813,56.211400078609586,6241.400700062513,10416.453270773092
1780195482,200,,Aggregated,81.600000,0.000000,2500,2700,2800,2900,3200,3500,3900,4200,5000,6000,6200,18410,0,2500,2470.5035138993385,56.211400078609586,6241.400700062513,10416.873438348723
1780195483,200,,Aggregated,81.200000,0.000000,2500,2700,2800,2900,3200,3500,3900,4200,5000,6000,6200,18489,0,2500,2469.384748666024,56.211400078609586,6241.400700062513,10414.376115528152
1780195484,200,,Aggregated,82.500000,0.000000,2500,2700,2800,2900,3200,3500,3900,4200,5000,6000,6200,18581,0,2500,2469.3464657600043,56.211400078609586,6241.400700062513,10413.655185404445
1780195485,200,,Aggregated,81.100000,0.000000,2500,2700,2800,2900,3200,3500,3900,4200,5000,6000,6200,18645,0,2500,2468.4679698732507,56.211400078609586,6241.400700062513,10412.485277554304
1780195486,200,,Aggregated,81.500000,0.000000,2500,2700,2800,2900,3200,3500,3900,4200,5000,6000,6200,18733,0,2500,2467.8842987449125,56.211400078609586,6241.400700062513,10412.616559013506
1780195487,200,,Aggregated,79.900000,0.000000,2500,2700,2800,2900,3200,3500,3900,4200,5000,6000,6200,18813,0,2500,2467.2588694778974,56.211400078609586,6241.400700062513,10411.956785201723
1780195488,200,,Aggregated,81.200000,0.000000,2500,2700,2800,2900,3200,3500,3900,4200,5000,6000,6200,18874,0,2500,2466.969976035214,56.211400078609586,6241.400700062513,10409.82330189679
1780195489,200,,Aggregated,81.900000,0.000000,2500,2700,2800,2900,3200,3500,3900,4200,5000,6000,6200,18979,0,2500,2468.506319294462,56.211400078609586,6241.400700062513,10410.51182886348
1780195490,200,,Aggregated,77.900000,0.000000,2500,2700,2800,2900,3200,3500,3900,4200,5000,6000,6200,19042,0,2500,2468.392394963176,56.211400078609586,6241.400700062513,10412.390767776495
1780195491,200,,Aggregated,80.300000,0.000000,2500,2700,2800,2900,3200,3500,3900,4200,5000,6000,6200,19140,0,2500,2466.414302005675,56.211400078609586,6241.400700062513,10408.092946708464
1780195492,200,,Aggregated,79.200000,0.000000,2500,2700,2800,2900,3200,3500,3900,4200,5000,6000,6200,19232,0,2500,2465.829655859408,56.211400078609586,6241.400700062513,10410.55428452579
1780195493,200,,Aggregated,79.300000,0.000000,2400,2700,2800,2900,3200,3500,3900,4200,5000,6000,6200,19299,0,2400,2465.1374461467844,56.211400078609586,6241.400700062513,10409.341520286025
1780195494,200,,Aggregated,79.700000,0.000000,2500,2700,2800,2900,3200,3500,3900,4200,5000,6000,6200,19359,0,2500,2464.8365890380505,56.211400078609586,6241.400700062513,10412.062761506277
1780195495,200,,Aggregated,80.000000,0.000000,2500,2700,2800,2900,3200,3500,3900,4200,5000,6000,6200,19460,0,2500,2464.219287347752,56.211400078609586,6241.400700062513,10413.32219938335
1780195496,200,,Aggregated,79.500000,0.000000,2400,2700,2800,2900,3200,3500,3900,4200,5000,6000,6200,19540,0,2400,2463.6966728038697,56.211400078609586,6241.400700062513,10416.224616171956
1780195497,200,,Aggregated,80.000000,0.000000,2400,2700,2800,2900,3200,3500,3900,4200,5000,6000,6200,19615,0,2400,2462.3916763185057,56.211400078609586,6241.400700062513,10414.862095335202
1780195498,200,,Aggregated,79.500000,0.000000,2400,2700,2800,2900,3200,3500,3900,4200,5000,6000,6200,19701,0,2400,2462.3496459157777,56.211400078609586,6241.400700062513,10413.752246078879
1780195499,200,,Aggregated,79.200000,0.000000,2400,2700,2800,2900,3200,3500,3900,4200,5000,6000,6200,19770,0,2400,2462.4047288106763,56.211400078609586,6241.400700062513,10412.88593829034
1780195500,200,,Aggregated,82.400000,0.000000,2400,2700,2800,2900,3200,3500,3900,4200,5000,6000,6200,19858,0,2400,2462.272301182738,56.211400078609586,6241.400700062513,10411.045875717595
1780195501,200,,Aggregated,80.200000,0.000000,2400,2700,2800,2900,3200,3500,3900,4200,5000,6000,6200,19947,0,2400,2462.6780209097674,56.211400078609586,6241.400700062513,10415.11304958139
1780195502,200,,Aggregated,81.200000,0.000000,2400,2700,2800,2900,3200,3500,3900,4200,5000,5800,6200,20023,0,2400,2462.528115916042,56.211400078609586,6241.400700062513,10413.369624931329
1780195503,200,,Aggregated,81.100000,0.000000,2400,2700,2800,2900,3200,3500,3900,4200,5000,5800,6200,20102,0,2400,2462.939580468957,56.211400078609586,6241.400700062513,10418.409561237688
1780195504,200,,Aggregated,79.000000,0.000000,2400,2700,2800,2900,3200,3500,3900,4200,5000,5800,6200,20199,0,2400,2461.9551035440786,56.211400078609586,6241.400700062513,10412.628248923214
1780195505,200,,Aggregated,76.700000,0.000000,2400,2700,2800,2900,3200,3500,3900,4200,5000,5800,6200,20261,0,2400,2461.603874719285,56.211400078609586,6241.400700062513,10413.549035092048
1780195506,200,,Aggregated,80.500000,0.000000,2400,2700,2800,2900,3200,3500,3900,4200,5000,5800,6200,20329,0,2400,2461.207189010226,56.211400078609586,6241.400700062513,10412.112745339171
1780195507,200,,Aggregated,79.400000,0.000000,2400,2700,2800,2900,3200,3500,3900,4200,5000,5800,6200,20429,0,2400,2461.4032256982077,56.211400078609586,6241.400700062513,10415.186499583924
1780195508,200,,Aggregated,78.500000,0.000000,2400,2700,2800,2900,3200,3500,3900,4200,5000,5800,6200,20503,0,2400,2460.661504818247,56.211400078609586,6241.400700062513,10415.625371896796
1780195509,200,,Aggregated,81.100000,0.000000,2400,2700,2800,2900,3200,3500,3900,4200,5000,5800,6200,20588,0,2400,2460.3045695253763,56.211400078609586,6241.400700062513,10415.112249854285
1780195510,200,,Aggregated,79.700000,0.000000,2400,2700,2800,2900,3200,3500,3900,4200,5000,5800,6200,20667,0,2400,2460.256725102217,56.211400078609586,6241.400700062513,10415.867615038467
1780195511,200,,Aggregated,79.000000,0.000000,2400,2700,2800,2900,3200,3500,3900,4200,5000,5800,6200,20755,0,2400,2459.6675611364226,56.211400078609586,6241.400700062513,10415.260130089135
1780195512,200,,Aggregated,79.700000,0.000000,2400,2700,2800,2900,3200,3500,3900,4200,5000,5800,6200,20835,0,2400,2459.3925742399015,56.211400078609586,6241.400700062513,10417.8500599952
1780195513,200,,Aggregated,77.900000,0.000000,2400,2700,2800,2900,3200,3500,3900,4200,5000,5800,6200,20906,0,2400,2459.3551938241694,56.211400078609586,6241.400700062513,10420.807758538218
1780195514,200,,Aggregated,80.200000,0.000000,2400,2700,2800,2900,3200,3500,3900,4200,5000,5800,6200,21020,0,2400,2458.905938167927,56.211400078609586,6241.400700062513,10427.022359657469
1780195515,200,,Aggregated,82.000000,0.000000,2400,2700,2800,2900,3200,3500,3900,4200,5000,5800,6200,21091,0,2400,2457.8115386558807,56.211400078609586,6241.400700062513,10427.504622824901
1780195516,200,,Aggregated,81.200000,0.000000,2400,2700,2800,2900,3200,3500,3900,4200,5000,5800,6200,21168,0,2400,2456.861584740693,56.211400078609586,6241.400700062513,10425.291383219954
1780195517,200,,Aggregated,82.400000,0.000000,2400,2700,2800,2900,3200,3500,3900,4200,5000,5800,6200,21277,0,2400,2455.6263095356762,56.211400078609586,6241.400700062513,10424.930770315364
1780195518,200,,Aggregated,82.400000,0.000000,2400,2700,2800,2900,3200,3500,3900,4200,5000,5800,6200,21343,0,2400,2454.6418869133286,56.211400078609586,6241.400700062513,10424.614252916646
1780195519,200,,Aggregated,81.300000,0.000000,2400,2700,2800,2900,3200,3500,3900,4200,5000,5800,6200,21439,0,2400,2453.556270264081,56.211400078609586,6241.400700062513,10422.703624236205
1780195520,200,,Aggregated,82.600000,0.000000,2400,2700,2800,2900,3200,3500,3900,4200,5000,5800,6200,21517,0,2400,2453.1484812515773,56.211400078609586,6241.400700062513,10421.615559789934
1780195521,200,,Aggregated,83.900000,0.000000,2400,2700,2800,2900,3200,3500,3900,4200,5000,5800,6200,21595,0,2400,2453.290134655722,56.211400078609586,6241.400700062513,10422.645982866405
1780195522,200,,Aggregated,83.400000,0.000000,2400,2700,2800,2900,3200,3500,3900,4200,5000,5800,6200,21684,0,2400,2452.6200936722566,56.211400078609586,6241.400700062513,10419.919479800776
1780195523,200,,Aggregated,83.000000,0.000000,2400,2700,2800,2900,3200,3500,3900,4200,5000,5800,6200,21751,0,2400,2452.158637924178,56.211400078609586,6241.400700062513,10420.955772148407
1780195524,200,,Aggregated,84.000000,0.000000,2400,2700,2800,2900,3200,3500,3900,4200,5000,5800,6200,21832,0,2400,2451.4471430784242,56.211400078609586,6241.400700062513,10417.079424697691
1780195525,200,,Aggregated,85.000000,0.000000,2400,2700,2800,2900,3200,3500,3900,4200,5000,5800,6200,21918,0,2400,2451.652026931629,56.211400078609586,6241.400700062513,10417.442056757003
1780195526,200,,Aggregated,83.300000,0.000000,2400,2700,2800,2900,3200,3500,3900,4200,4900,5800,6200,22003,0,2400,2451.4803435934564,56.211400078609586,6241.400700062513,10417.41217106758
1780195527,200,,Aggregated,82.000000,0.000000,2400,2700,2800,2900,3200,3500,3900,4200,4900,5800,6200,22072,0,2400,2451.573258014076,56.211400078609586,6241.400700062513,10418.295034432766
1780195528,200,,Aggregated,81.500000,0.000000,2400,2700,2800,2900,3200,3500,3900,4200,4900,5800,6200,22148,0,2400,2450.9842166194076,56.211400078609586,6241.400700062513,10418.05318764674
1780195529,200,,Aggregated,81.400000,0.000000,2400,2700,2800,2900,3200,3500,3900,4200,4900,5800,6200,22218,0,2400,2451.622050715046,56.211400078609586,6241.400700062513,10421.723062381852
1780195530,200,,Aggregated,79.500000,0.000000,2400,2700,2800,2900,3200,3500,3900,4200,4900,5800,6200,22305,0,2400,2452.203356027179,56.211400078609586,6241.400700062513,10422.19816184712
1780195531,200,,Aggregated,78.600000,0.000000,2400,2700,2800,2900,3200,3500,3900,4200,4900,5800,6200,22396,0,2400,2452.3372336839534,56.211400078609586,6241.400700062513,10424.403554206108
1780195532,200,,Aggregated,77.600000,0.000000,2400,2700,2800,2900,3200,3500,3900,4200,4900,5800,6200,22464,0,2400,2451.6462859814073,56.211400078609586,6241.400700062513,10421.440081908831
1780195533,200,,Aggregated,79.900000,0.000000,2400,2700,2800,2900,3200,3500,3900,4200,4900,5800,6200,22553,0,2400,2451.0217317202346,56.211400078609586,6241.400700062513,10422.340885913181
1780195534,200,,Aggregated,78.600000,0.000000,2400,2700,2800,2900,3200,3500,3900,4200,4900,5800,6200,22660,0,2400,2450.034110612777,56.211400078609586,6241.400700062513,10425.774624889673
1780195535,200,,Aggregated,76.200000,0.000000,2400,2700,2800,2900,3200,3500,3900,4100,4900,5800,6200,22727,0,2400,2448.757767412617,56.211400078609586,6241.400700062513,10423.823469881638
1780195536,200,,Aggregated,79.600000,0.000000,2400,2700,2800,2900,3200,3500,3900,4100,4900,5800,6200,22826,0,2400,2447.7489262150675,56.211400078609586,6241.400700062513,10425.609962323666
1780195537,200,,Aggregated,79.400000,0.000000,2400,2700,2800,2900,3200,3500,3900,4100,4900,5800,6200,22917,0,2400,2446.325487868626,56.211400078609586,6241.400700062513,10423.634114412882
1780195538,200,,Aggregated,83.400000,0.000000,2400,2700,2800,2900,3200,3500,3900,4100,4900,5800,6200,23011,0,2400,2444.7964169564652,56.211400078609586,6241.400700062513,10420.4950241189
1780195539,200,,Aggregated,83.200000,0.000000,2400,2700,2800,2900,3200,3500,3900,4100,4900,5800,6200,23099,0,2400,2443.6118545515233,56.211400078609586,6241.400700062513,10421.878133252521
1780195540,200,,Aggregated,84.500000,0.000000,2400,2700,2800,2900,3200,3500,3900,4100,4900,5800,6200,23195,0,2400,2442.3404481433554,56.211400078609586,6241.400700062513,10422.186074585039
1780195541,200,,Aggregated,85.900000,0.000000,2400,2600,2800,2900,3200,3500,3900,4100,4900,5800,6200,23264,0,2400,2441.6566640855463,56.211400078609586,6241.400700062513,10422.18814477304
1780195542,200,,Aggregated,87.100000,0.000000,2400,2600,2800,2900,3200,3500,3900,4100,4900,5800,6200,23353,0,2400,2440.830888437758,56.211400078609586,6241.400700062513,10419.19170984456
1780195543,200,,Aggregated,89.900000,0.000000,2400,2600,2800,2900,3200,3500,3900,4100,4900,5800,6200,23439,0,2400,2440.3367007801603,56.211400078609586,6241.400700062513,10419.105123938734
1780195544,200,,Aggregated,87.400000,0.000000,2400,2600,2800,2900,3200,3500,3900,4100,4900,5800,6200,23522,0,2400,2439.7987474698375,56.211400078609586,6241.400700062513,10420.594634809966
1780195545,200,,Aggregated,89.200000,0.000000,2400,2600,2800,2900,3200,3500,3900,4100,4900,5800,6200,23604,0,2400,2439.04249228876,56.211400078609586,6241.400700062513,10419.517369937299
1780195546,200,,Aggregated,86.400000,0.000000,2400,2600,2800,2900,3200,3500,3900,4100,4900,5800,6200,23680,0,2400,2438.8745698177713,56.211400078609586,6241.400700062513,10419.657516891892
1780195547,200,,Aggregated,87.800000,0.000000,2400,2600,2800,2900,3200,3500,3900,4100,4900,5800,6200,23753,0,2400,2438.57891437647,56.211400078609586,6241.400700062513,10419.434724034858
1780195548,200,,Aggregated,85.300000,0.000000,2400,2600,2800,2900,3200,3500,3900,4100,4900,5800,6200,23848,0,2400,2438.6769882918948,56.211400078609586,6241.400700062513,10421.8766772895
1780195549,200,,Aggregated,84.400000,0.000000,2400,2600,2800,2900,3200,3500,3900,4100,4900,5800,6200,23926,0,2400,2437.985010669819,56.211400078609586,6241.400700062513,10419.797918582295
1780195550,200,,Aggregated,84.500000,0.000000,2400,2600,2800,2900,3200,3500,3900,4100,4900,5800,6200,24003,0,2400,2437.6979940501205,56.211400078609586,6241.400700062513,10420.434862308877
1780195551,200,,Aggregated,83.400000,0.000000,2400,2600,2800,2900,3200,3500,3900,4100,4900,5800,6200,24099,0,2400,2437.71318860887,56.211400078609586,6241.400700062513,10422.325698161749
1780195552,200,,Aggregated,81.800000,0.000000,2400,2600,2800,2900,3200,3500,3900,4100,4900,5800,6200,24183,0,2400,2437.135096728555,56.211400078609586,6241.400700062513,10422.637389901998
1780195553,200,,Aggregated,78.500000,0.000000,2400,2600,2800,2900,3200,3500,3900,4100,4900,5800,6200,24253,0,2400,2436.946070155748,56.211400078609586,6241.400700062513,10423.579062384035
1780195554,200,,Aggregated,81.400000,0.000000,2400,2600,2800,2900,3200,3500,3900,4100,4900,5800,6200,24330,0,2400,2436.8086582485225,56.211400078609586,6241.400700062513,10421.447513357994
1780195555,200,,Aggregated,81.100000,0.000000,2400,2600,2800,2900,3200,3500,3900,4100,4900,5800,6200,24393,0,2400,2437.109196068066,56.211400078609586,6241.400700062513,10421.980937154101
1780195556,200,,Aggregated,79.500000,0.000000,2400,2600,2800,2900,3200,3500,3900,4100,4900,5800,6200,24501,0,2400,2436.606375510716,56.211400078609586,6241.400700062513,10419.854210032243
1780195557,200,,Aggregated,79.700000,0.000000,2400,2600,2800,2900,3200,3500,3900,4100,4900,5800,6200,24589,0,2400,2435.684259648121,56.211400078609586,6241.400700062513,10417.90463215259
1780195558,200,,Aggregated,82.600000,0.000000,2400,2600,2800,2900,3200,3500,3900,4100,4900,5800,6200,24696,0,2400,2434.7836543484345,56.211400078609586,6241.400700062513,10418.247448979591
1780195559,200,,Aggregated,80.800000,0.000000,2400,2600,2800,2900,3200,3500,3900,4100,4900,5800,6200,24757,0,2400,2434.348448446469,56.211400078609586,6241.400700062513,10418.884679080664
1780195560,200,,Aggregated,80.300000,0.000000,2400,2600,2800,2900,3200,3500,3900,4100,4900,5800,6200,24859,0,2400,2433.7929023327333,56.211400078609586,6241.400700062513,10419.786073454283
1780195561,200,,Aggregated,82.800000,0.000000,2400,2600,2800,2900,3200,3500,3900,4100,4900,5800,6200,24937,0,2400,2433.1833070854973,56.211400078609586,6241.400700062513,10420.924690219354
1780195562,200,,Aggregated,83.100000,0.000000,2400,2600,2800,2900,3200,3500,3900,4100,4900,5800,6200,25025,0,2400,2432.4153270286097,56.211400078609586,6241.400700062513,10421.97126873127
1780195563,200,,Aggregated,84.600000,0.000000,2400,2600,2800,2900,3200,3500,3900,4100,4900,5800,6200,25115,0,2400,2431.4360598164567,56.211400078609586,6241.400700062513,10418.039060322517
1780195564,200,,Aggregated,84.000000,0.000000,2400,2600,2800,2900,3200,3500,3900,4100,4900,5800,6200,25189,0,2400,2431.012696641036,56.211400078609586,6241.400700062513,10419.621104450356
1780195565,200,,Aggregated,84.900000,0.000000,2400,2600,2800,2900,3200,3500,3900,4100,4900,5800,6200,25290,0,2400,2430.130016298544,56.211400078609586,6241.400700062513,10418.614195334125
1780195566,200,,Aggregated,86.600000,0.000000,2400,2600,2800,2900,3200,3500,3900,4100,4900,5800,6200,25348,0,2400,2430.3108342192745,56.211400078609586,6241.400700062513,10419.73773078744
1780195567,200,,Aggregated,86.300000,0.000000,2400,2600,2800,2900,3200,3500,3900,4100,4900,5800,6200,25430,0,2400,2430.0106639359524,56.211400078609586,6241.400700062513,10418.665591820683
1780195568,200,,Aggregated,83.500000,0.000000,2400,2600,2800,2900,3200,3500,3900,4100,4900,5800,6200,25517,0,2400,2430.1933163534277,56.211400078609586,6241.400700062513,10420.64713720265
1780195569,200,,Aggregated,83.400000,0.000000,2400,2600,2800,2900,3200,3500,3900,4100,4900,5800,6200,25601,0,2400,2429.7141103273507,56.211400078609586,6241.400700062513,10420.86508339518
1780195570,200,,Aggregated,84.100000,0.000000,2400,2600,2800,2900,3200,3500,3900,4100,4900,5800,6200,25693,0,2400,2429.1293987503263,56.211400078609586,6241.400700062513,10419.901840968358
1780195571,200,,Aggregated,83.800000,0.000000,2400,2600,2800,2900,3200,3500,3900,4100,4900,5800,6200,25781,0,2400,2428.7474751480745,56.211400078609586,6241.400700062513,10419.094449400722
1780195572,200,,Aggregated,83.600000,0.000000,2400,2600,2800,2900,3200,3500,3900,4100,4900,5800,6200,25844,0,2400,2428.227753311852,56.211400078609586,6241.400700062513,10418.517450859
1780195573,200,,Aggregated,82.800000,0.000000,2400,2600,2800,2900,3200,3500,3900,4100,4900,5800,6200,25930,0,2400,2428.041253748222,56.211400078609586,6241.400700062513,10418.079868877749
1780195574,200,,Aggregated,82.800000,0.000000,2400,2600,2800,2900,3200,3500,3800,4100,4800,5800,6200,26018,0,2400,2427.6178059263807,56.211400078609586,6241.400700062513,10419.728918441078
1780195575,200,,Aggregated,81.000000,0.000000,2400,2600,2800,2900,3200,3500,3800,4100,4800,5800,6200,26102,0,2400,2426.9434140638155,56.211400078609586,6241.400700062513,10418.496015630986
1780195576,200,,Aggregated,80.800000,0.000000,2400,2600,2800,2900,3200,3500,3800,4100,4800,5800,6200,26173,0,2400,2426.484892721244,56.211400078609586,6241.400700062513,10416.786497535628
1780195577,200,,Aggregated,81.600000,0.000000,2400,2600,2800,2900,3200,3500,3800,4100,4800,5800,6200,26265,0,2400,2426.4232377877292,56.211400078609586,6241.400700062513,10417.037312012184
1780195578,200,,Aggregated,81.200000,0.000000,2400,2600,2800,2900,3200,3500,3800,4100,4800,5800,6200,26337,0,2400,2426.4719665107677,56.211400078609586,6241.400700062513,10418.290503853894
1780195579,200,,Aggregated,82.000000,0.000000,2400,2600,2800,2900,3200,3500,3800,4100,4800,5800,6200,26425,0,2400,2426.167138554167,56.211400078609586,6241.400700062513,10416.941797540208
1780195580,200,,Aggregated,83.400000,0.000000,2400,2600,2800,2900,3200,3500,3800,4100,4800,5800,6200,26505,0,2400,2426.3200137405397,56.211400078609586,6241.400700062513,10421.059309564233
1780195582,200,,Aggregated,80.000000,0.000000,2400,2600,2800,2900,3200,3500,3800,4100,4800,5800,6200,26590,0,2400,2426.316267871121,56.211400078609586,6241.400700062513,10419.476419706656
1780195583,200,,Aggregated,81.300000,0.000000,2400,2600,2800,2900,3200,3500,3800,4100,4800,5800,6200,26648,0,2400,2426.3097998871444,56.211400078609586,6241.400700062513,10417.803399879916
1780195584,200,,Aggregated,81.600000,0.000000,2400,2600,2800,2900,3200,3500,3800,4100,4800,5800,6200,26731,0,2400,2426.824244981279,56.211400078609586,6241.400700062513,10419.477647674985
1780195585,200,,Aggregated,80.900000,0.000000,2400,2600,2800,2900,3200,3500,3800,4100,4800,5800,6200,26816,0,2400,2426.874795409192,56.211400078609586,6241.400700062513,10420.022784904535
1780195586,200,,Aggregated,79.800000,0.000000,2400,2600,2800,2900,3200,3500,3800,4100,4800,5800,6200,26906,0,2400,2426.386898379284,56.211400078609586,6241.400700062513,10418.07726901063
1780195587,200,,Aggregated,78.600000,0.000000,2400,2600,2800,2900,3200,3500,3800,4100,4800,5800,6200,26987,0,2400,2425.939459810071,56.211400078609586,6241.400700062513,10417.119501982435
1780195588,200,,Aggregated,79.600000,0.000000,2400,2600,2800,2900,3200,3500,3800,4100,4800,5800,6200,27042,0,2400,2425.806290584825,56.211400078609586,6241.400700062513,10416.340877154056
1780195589,200,,Aggregated,79.600000,0.000000,2400,2600,2800,2900,3200,3500,3800,4100,4800,5800,6200,27129,0,2400,2426.9568825830625,56.211400078609586,6241.400700062513,10417.807659699953
1780195590,200,,Aggregated,75.900000,0.000000,2400,2600,2800,2900,3200,3500,3800,4100,4800,5800,6200,27210,0,2400,2427.3603430795874,56.211400078609586,6241.400700062513,10418.429327453143
1780195591,200,,Aggregated,78.800000,0.000000,2400,2600,2800,2900,3200,3500,3800,4100,4800,5800,6200,27277,0,2400,2427.078318773938,56.211400078609586,6241.400700062513,10418.477398540896
1780195592,200,,Aggregated,78.200000,0.000000,2400,2600,2800,2900,3200,3500,3800,4100,4800,5800,6200,27376,0,2400,2427.1568644102917,56.211400078609586,6241.400700062513,10416.029405318528
1780195593,200,,Aggregated,75.600000,0.000000,2400,2600,2800,2900,3200,3500,3800,4100,4800,5800,6200,27423,0,2400,2427.69562749864,56.211400078609586,6241.400700062513,10420.472595996062
1780195594,200,,Aggregated,75.600000,0.000000,2400,2600,2800,2900,3200,3500,3800,4100,4800,5800,6200,27492,0,2400,2427.9233916591584,56.211400078609586,6241.400700062513,10419.882256656481
1780195595,200,,Aggregated,77.400000,0.000000,2400,2600,2800,2900,3200,3500,3800,4100,4800,5800,6200,27605,0,2400,2428.6971975871006,56.211400078609586,6241.400700062513,10419.450606774135
1780195596,200,,Aggregated,76.100000,0.000000,2400,2600,2800,2900,3200,3500,3800,4100,4800,5800,6200,27672,0,2400,2428.180113070675,56.211400078609586,6241.400700062513,10417.885118531367
1780195597,200,,Aggregated,78.600000,0.000000,2400,2600,2800,2900,3200,3500,3800,4100,4800,5800,6200,27780,0,2400,2427.6656004280676,56.211400078609586,6241.400700062513,10417.677537796977
1780195598,200,,Aggregated,75.500000,0.000000,2400,2600,2800,2900,3200,3500,3800,4100,4800,5800,6200,27840,0,2400,2427.5424859946497,56.211400078609586,6241.400700062513,10419.393067528736
1780195599,200,,Aggregated,79.000000,0.000000,2400,2600,2800,2900,3200,3500,3800,4100,4800,5800,6200,27919,0,2400,2426.7779548189856,56.211400078609586,6241.400700062513,10416.655825781725
1780195600,200,,Aggregated,79.200000,0.000000,2400,2600,2800,2900,3200,3500,3800,4100,4800,5800,6200,28022,0,2400,2427.3168231422005,56.211400078609586,6241.400700062513,10417.566626222253
1780195601,200,,Aggregated,78.200000,0.000000,2400,2600,2800,2900,3200,3500,3800,4100,4800,5800,6200,28074,0,2400,2427.1046383020525,56.211400078609586,6241.400700062513,10418.600626914584
1780195602,200,,Aggregated,79.800000,0.000000,2400,2600,2800,2900,3200,3500,3800,4100,4800,5800,6200,28154,0,2400,2426.71722531762,56.211400078609586,6241.400700062513,10415.959188747602
1780195603,200,,Aggregated,79.700000,0.000000,2400,2600,2800,2900,3200,3500,3800,4100,4800,5800,6200,28244,0,2400,2427.605615029517,56.211400078609586,6241.400700062513,10418.853101543691
1780195604,200,,Aggregated,78.100000,0.000000,2400,2600,2800,2900,3200,3500,3800,4100,4800,5800,6200,28326,0,2400,2427.2174974791305,56.211400078609586,6241.400700062513,10418.148203064322
1780195605,200,,Aggregated,80.200000,0.000000,2400,2600,2800,2900,3200,3500,3800,4100,4800,5800,6200,28419,0,2400,2426.7035236530205,56.211400078609586,6241.400700062513,10419.099968331046
1780195606,200,,Aggregated,81.000000,0.000000,2400,2600,2800,2900,3200,3500,3800,4100,4800,5800,6200,28487,0,2400,2426.2734038401995,56.211400078609586,6241.400700062513,10417.750166742724
1780195607,200,,Aggregated,78.800000,0.000000,2400,2600,2800,2900,3200,3500,3800,4100,4800,5800,6200,28560,0,2400,2426.2235351748955,56.211400078609586,6241.400700062513,10417.573459383753
1780195608,200,,Aggregated,80.400000,0.000000,2400,2600,2800,2900,3200,3500,3800,4100,4800,5800,6200,28652,0,2400,2426.3573262144323,56.211400078609586,6241.400700062513,10417.799281027503
1780195609,200,,Aggregated,79.200000,0.000000,2400,2600,2800,2900,3200,3500,3800,4100,4800,5800,6200,28728,0,2400,2426.364473067924,56.211400078609586,6241.400700062513,10417.443260930104
1780195610,200,,Aggregated,81.700000,0.000000,2400,2600,2800,2900,3200,3500,3800,4100,4800,5800,6200,28805,0,2400,2426.6252979238307,56.211400078609586,6241.400700062513,10416.252039576462
1780195611,200,,Aggregated,79.400000,0.000000,2400,2600,2800,2900,3200,3500,3800,4100,4800,5800,6200,28882,0,2400,2426.6013541408397,56.211400078609586,6241.400700062513,10414.75576483623
1780195612,200,,Aggregated,77.300000,0.000000,2400,2600,2800,2900,3200,3500,3800,4100,4800,5800,6200,28957,0,2400,2426.444893479806,56.211400078609586,6241.400700062513,10416.133162965776
1780195613,200,,Aggregated,79.600000,0.000000,2400,2600,2800,2900,3200,3500,3800,4100,4800,5800,6200,29043,0,2400,2426.387416347948,56.211400078609586,6241.400700062513,10415.240780911063
1780195614,200,,Aggregated,79.000000,0.000000,2400,2600,2800,2900,3200,3500,3800,4100,4800,5800,6200,29124,0,2400,2426.2001893110005,56.211400078609586,6241.400700062513,10416.424460925697
1780195615,200,,Aggregated,80.600000,0.000000,2400,2600,2800,2900,3200,3500,3800,4100,4800,5800,6200,29205,0,2400,2426.368110244617,56.211400078609586,6241.400700062513,10416.591919191918
1780195616,200,,Aggregated,80.200000,0.000000,2400,2600,2800,2900,3200,3500,3800,4100,4800,5800,6200,29287,0,2400,2426.4346797552826,56.211400078609586,6241.400700062513,10414.15143237614
1780195617,200,,Aggregated,77.000000,0.000000,2400,2600,2800,2900,3200,3500,3800,4100,4800,5800,6200,29357,0,2400,2427.011715396429,56.211400078609586,6241.400700062513,10416.772013489117
1780195618,200,,Aggregated,78.400000,0.000000,2400,2600,2800,2900,3200,3500,3800,4100,4800,5800,6200,29432,0,2400,2426.6593889947612,56.211400078609586,6241.400700062513,10413.407413699375
1780195619,200,,Aggregated,78.100000,0.000000,2400,2600,2800,2900,3200,3500,3800,4100,4800,5800,6200,29502,0,2400,2426.394064686905,56.211400078609586,6241.400700062513,10413.323401803267
1780195620,200,,Aggregated,76.100000,0.000000,2400,2600,2800,2900,3200,3500,3800,4100,4800,5800,6200,29583,0,2400,2426.863285701002,56.211400078609586,6241.400700062513,10414.91890612852
1780195621,200,,Aggregated,78.300000,0.000000,2400,2600,2800,2900,3200,3500,3800,4100,4800,5800,6200,29667,0,2400,2427.440104445754,56.211400078609586,6241.400700062513,10414.783193447265
1780195622,200,,Aggregated,78.100000,0.000000,2400,2600,2800,2900,3200,3500,3800,4100,4800,5800,6200,29718,0,2400,2427.971243559174,56.211400078609586,6241.400700062513,10417.735143683962
1780195623,200,,Aggregated,78.200000,0.000000,2400,2600,2800,2900,3200,3500,3800,4100,4800,5800,6200,29794,0,2400,2428.0022603574944,56.211400078609586,6241.400700062513,10415.202624689535
1780195624,200,,Aggregated,76.500000,0.000000,2400,2600,2800,2900,3200,3500,3800,4100,4800,5800,6200,29879,0,2400,2429.0750502825467,56.211400078609586,6241.400700062513,10417.983700927072
1780195625,200,,Aggregated,74.100000,0.000000,2400,2600,2800,2900,3200,3500,3800,4100,4800,5800,6200,29936,0,2400,2429.353786898436,56.211400078609586,6241.400700062513,10417.810295296633
1780195626,200,,Aggregated,75.100000,0.000000,2400,2600,2800,2900,3200,3500,3800,4100,4800,5600,6200,30045,0,2400,2429.2125202893244,56.211400078609586,6241.400700062513,10419.379597270761
1780195627,200,,Aggregated,75.700000,0.000000,2400,2600,2800,2900,3200,3500,3800,4100,4800,5600,6200,30124,0,2400,2428.805847191348,56.211400078609586,6241.400700062513,10418.191906785287
1780195628,200,,Aggregated,76.500000,0.000000,2400,2600,2800,2900,3200,3500,3800,4100,4800,5600,6200,30194,0,2400,2428.25836752969,56.211400078609586,6241.400700062513,10417.3628204279
1780195629,200,,Aggregated,77.000000,0.000000,2400,2600,2800,2900,3200,3500,3800,4100,4800,5600,6200,30290,0,2400,2428.48576108589,56.211400078609586,6241.400700062513,10417.455529877847
1780195630,200,,Aggregated,76.200000,0.000000,2400,2600,2800,2900,3200,3500,3800,4100,4800,5600,6200,30375,0,2400,2428.555649556926,56.211400078609586,6241.400700062513,10418.354995884774
1780195631,200,,Aggregated,76.200000,0.000000,2400,2600,2800,2900,3200,3500,3800,4100,4800,5600,6200,30466,0,2400,2427.912579898628,56.211400078609586,6241.400700062513,10416.73419549662
1780195632,200,,Aggregated,78.500000,0.000000,2400,2600,2800,2900,3200,3500,3800,4100,4800,5600,6200,30519,0,2400,2427.786435403888,56.211400078609586,6241.400700062513,10417.6076214817
1780195633,200,,Aggregated,76.700000,0.000000,2400,2600,2800,2900,3200,3500,3800,4100,4800,5600,6200,30593,0,2400,2427.7203659167535,56.211400078609586,6241.400700062513,10417.659268460106
1780195634,200,,Aggregated,79.800000,0.000000,2400,2600,2800,2900,3200,3500,3800,4100,4800,5600,6200,30673,0,2400,2428.4247896290276,56.211400078609586,6241.400700062513,10417.653799758746
1780195635,200,,Aggregated,80.200000,0.000000,2400,2600,2800,2900,3200,3500,3800,4100,4800,5600,6200,30755,0,2400,2429.1114272213117,56.211400078609586,6241.400700062513,10419.048805072345
1780195636,200,,Aggregated,76.400000,0.000000,2400,2600,2800,2900,3200,3500,3800,4100,4800,5600,6200,30829,0,2400,2428.735505397224,56.211400078609586,6241.400700062513,10416.121444094846
1780195637,200,,Aggregated,79.400000,0.000000,2400,2600,2800,2900,3200,3500,3800,4100,4800,5600,6200,30915,0,2400,2428.7468234316934,56.211400078609586,6241.400700062513,10416.236939996765
1780195638,200,,Aggregated,78.600000,0.000000,2400,2600,2800,2900,3200,3500,3800,4100,4800,5600,6200,30986,0,2400,2428.8514242977694,56.211400078609586,6241.400700062513,10416.28293422836
1780195639,200,,Aggregated,77.400000,0.000000,2400,2600,2800,2900,3200,3500,3800,4100,4800,5600,6200,31079,0,2400,2428.8155236523453,56.211400078609586,6241.400700062513,10415.827214517842
1780195640,200,,Aggregated,78.500000,0.000000,2400,2600,2800,2900,3200,3500,3800,4100,4800,5600,6200,31144,0,2400,2428.820039692761,56.211400078609586,6241.400700062513,10415.275366041613
1780195641,200,,Aggregated,79.600000,0.000000,2400,2600,2800,2900,3200,3500,3800,4100,4800,5600,6200,31222,0,2400,2428.988874847597,56.211400078609586,6241.400700062513,10414.811735314843
1780195642,200,,Aggregated,75.600000,0.000000,2400,2600,2800,2900,3200,3500,3800,4100,4800,5600,6200,31285,0,2400,2429.6864578165764,56.211400078609586,6241.400700062513,10417.248457727346
1780195643,200,,Aggregated,76.600000,0.000000,2400,2600,2800,2900,3200,3500,3800,4100,4800,5600,6200,31371,0,2400,2429.8897924449466,56.211400078609586,6241.400700062513,10416.13735615696
1780195644,200,,Aggregated,75.000000,0.000000,2400,2600,2800,2900,3200,3500,3800,4100,4800,5600,6200,31452,0,2400,2429.939338048184,56.211400078609586,6241.400700062513,10416.59102759761
1780195645,200,,Aggregated,76.700000,0.000000,2400,2600,2800,2900,3200,3500,3800,4100,4800,5600,6200,31529,0,2400,2429.989796130281,56.211400078609586,6241.400700062513,10416.08366900314
1780195646,200,,Aggregated,77.900000,0.000000,2400,2600,2800,2900,3200,3500,3800,4100,4800,5600,6200,31601,0,2400,2430.2648863387813,56.211400078609586,6241.400700062513,10416.7942470175
1780195647,200,,Aggregated,77.700000,0.000000,2400,2600,2800,2900,3200,3500,3800,4100,4800,5600,6200,31686,0,2400,2430.3588391653493,56.211400078609586,6241.400700062513,10417.04642428833
1780195648,200,,Aggregated,75.800000,0.000000,2400,2600,2800,2900,3200,3500,3800,4100,4800,5600,6200,31772,0,2400,2430.210988829586,56.211400078609586,6241.400700062513,10419.17427294473
1780195649,200,,Aggregated,75.400000,0.000000,2400,2600,2800,2900,3200,3500,3800,4100,4800,5600,6200,31841,0,2400,2429.592824691207,56.211400078609586,6241.400700062513,10417.96137055997
1780195650,200,,Aggregated,76.300000,0.000000,2400,2600,2800,2900,3200,3500,3800,4100,4800,5600,6200,31920,0,2400,2429.5593034051917,56.211400078609586,6241.400700062513,10417.111090225564
1780195651,200,,Aggregated,75.700000,0.000000,2400,2600,2800,2900,3200,3500,3800,4100,4800,5600,6200,32008,0,2400,2429.9569317918463,56.211400078609586,6241.400700062513,10417.176549612597
1780195652,200,,Aggregated,77.100000,0.000000,2400,2600,2800,2900,3200,3500,3800,4100,4800,5600,6200,32087,0,2400,2429.765832417943,56.211400078609586,6241.400700062513,10417.997382117368
1780195653,200,,Aggregated,77.500000,0.000000,2400,2600,2800,2900,3200,3500,3800,4100,4800,5600,6200,32171,0,2400,2429.315066432353,56.211400078609586,6241.400700062513,10416.580678250599
1780195654,200,,Aggregated,77.400000,0.000000,2400,2600,2800,2900,3200,3500,3800,4100,4800,5600,6200,32254,0,2400,2429.091217455022,56.211400078609586,6241.400700062513,10417.452222980095
1780195655,200,,Aggregated,77.700000,0.000000,2400,2600,2800,2900,3200,3500,3800,4100,4800,5600,6200,32317,0,2400,2428.9129796111138,56.211400078609586,6241.400700062513,10417.286443667419
1780195656,200,,Aggregated,79.700000,0.000000,2400,2600,2800,2900,3200,3500,3800,4100,4800,5600,6200,32402,0,2400,2428.8072214459953,56.211400078609586,6241.400700062513,10416.960095055862
1780195657,200,,Aggregated,78.800000,0.000000,2400,2600,2800,2900,3200,3500,3800,4100,4800,5600,6200,32466,0,2400,2429.154540608463,56.211400078609586,6241.400700062513,10417.58793815068
1780195658,200,,Aggregated,79.600000,0.000000,2400,2600,2800,2900,3200,3500,3800,4100,4800,5600,6200,32549,0,2400,2429.1438221233784,56.211400078609586,6241.400700062513,10416.995115057298
1780195659,200,,Aggregated,79.800000,0.000000,2400,2600,2800,2900,3200,3500,3800,4100,4800,5600,6200,32648,0,2400,2429.1199617033876,56.211400078609586,6241.400700062513,10417.450287919628
1780195660,200,,Aggregated,78.500000,0.000000,2400,2600,2800,2900,3200,3500,3800,4100,4800,5600,6200,32715,0,2400,2428.906679752207,56.211400078609586,6241.400700062513,10418.358734525447
1780195661,200,,Aggregated,77.400000,0.000000,2400,2600,2800,2900,3200,3400,3800,4100,4800,5600,6200,32816,0,2400,2428.560174338558,56.211400078609586,6241.400700062513,10417.244728181375
1780195662,200,,Aggregated,78.700000,0.000000,2400,2600,2800,2900,3200,3400,3800,4100,4800,5600,6200,32887,0,2400,2428.1719485660947,56.211400078609586,6241.400700062513,10416.487609085658
1780195663,200,,Aggregated,80.000000,0.000000,2400,2600,2800,2900,3200,3400,3800,4100,4800,5600,6200,32939,0,2400,2427.918548146387,56.211400078609586,6241.400700062513,10415.764777315644
1780195664,200,,Aggregated,81.000000,0.000000,2400,2600,2800,2900,3200,3400,3800,4100,4800,5600,6200,33043,0,2400,2428.560659549443,56.211400078609586,6241.400700062513,10416.112398995248
1780195665,200,,Aggregated,78.000000,0.000000,2400,2600,2800,2900,3200,3400,3800,4100,4800,5600,6200,33121,0,2400,2428.2009617007975,56.211400078609586,6241.400700062513,10416.3129736421
1780195666,200,,Aggregated,77.300000,0.000000,2400,2600,2800,2900,3200,3400,3800,4100,4800,5600,6200,33192,0,2400,2427.8551791604455,56.211400078609586,6241.400700062513,10414.942757290914
1780195667,200,,Aggregated,79.900000,0.000000,2400,2600,2800,2900,3200,3400,3800,4100,4800,5600,6200,33256,0,2400,2428.1745723235713,56.211400078609586,6241.400700062513,10414.39177892711
1780195668,200,,Aggregated,78.000000,0.000000,2400,2600,2800,2900,3200,3400,3800,4100,4800,5600,6200,33336,0,2400,2428.484840481507,56.211400078609586,6241.400700062513,10414.7343712503
1780195669,200,,Aggregated,77.000000,0.000000,2400,2600,2800,2900,3200,3400,3800,4100,4800,5600,6200,33420,0,2400,2428.386759494025,56.211400078609586,6241.400700062513,10413.243955715141
1780195670,200,,Aggregated,79.300000,0.000000,2400,2600,2800,2900,3200,3400,3800,4100,4800,5600,6200,33506,0,2400,2428.259988004872,56.211400078609586,6241.400700062513,10413.419059272966
1780195671,200,,Aggregated,79.000000,0.000000,2400,2600,2800,2900,3200,3400,3800,4100,4800,5600,6200,33590,0,2400,2427.7655365820865,56.211400078609586,6241.400700062513,10412.09294432867
1780195672,200,,Aggregated,78.100000,0.000000,2400,2600,2800,2900,3200,3400,3800,4100,4800,5600,6200,33673,0,2400,2427.202346681104,56.211400078609586,6241.400700062513,10411.715914827904
1780195673,200,,Aggregated,78.200000,0.000000,2400,2600,2800,2900,3200,3400,3800,4100,4800,5600,6200,33748,0,2400,2427.011842826051,56.211400078609586,6241.400700062513,10410.229554343961
1780195674,200,,Aggregated,76.700000,0.000000,2400,2600,2800,2900,3200,3400,3800,4100,4800,5600,6200,33825,0,2400,2426.9918473907915,56.211400078609586,6241.400700062513,10411.846563192905
1780195675,200,,Aggregated,78.200000,0.000000,2400,2600,2800,2900,3200,3400,3800,4100,4800,5600,6200,33907,0,2400,2426.925560474054,56.211400078609586,6241.400700062513,10411.310614327425
1780195676,200,,Aggregated,80.000000,0.000000,2400,2600,2800,2900,3200,3400,3800,4100,4800,5600,6200,33992,0,2400,2426.687889906263,56.211400078609586,6241.400700062513,10411.90359496352
1780195677,200,,Aggregated,77.500000,0.000000,2400,2600,2800,2900,3200,3400,3800,4100,4800,5600,6200,34080,0,2400,2426.395548617749,56.211400078609586,6241.400700062513,10411.20155516432
1780195678,200,,Aggregated,79.100000,0.000000,2400,2600,2800,2900,3100,3400,3800,4100,4800,5600,6200,34156,0,2400,2426.3424773946876,56.211400078609586,6241.400700062513,10411.165329663894
1780195679,200,,Aggregated,80.900000,0.000000,2400,2600,2800,2900,3100,3400,3800,4100,4800,5600,6200,34221,0,2400,2426.347935381566,56.211400078609586,6241.400700062513,10410.125829169223
1780195680,200,,Aggregated,79.300000,0.000000,2400,2600,2800,2900,3100,3400,3800,4100,4800,5600,6200,34312,0,2400,2426.1291490584363,56.211400078609586,6241.400700062513,10411.476072511075
1780195681,200,,Aggregated,80.200000,0.000000,2400,2600,2800,2900,3100,3400,3800,4100,4800,5600,6200,34401,0,2400,2425.6822062321667,56.211400078609586,6241.400700062513,10411.999941862156
1780195682,200,,Aggregated,80.300000,0.000000,2400,2600,2800,2900,3100,3400,3800,4100,4800,5600,6200,34481,0,2400,2425.227823087896,56.211400078609586,6241.400700062513,10412.004901249964
1780195683,200,,Aggregated,80.300000,0.000000,2400,2600,2800,2900,3100,3400,3800,4100,4800,5600,6200,34554,0,2400,2425.0634075966263,56.211400078609586,6241.400700062513,10414.846038085316
1780195684,200,,Aggregated,80.100000,0.000000,2400,2600,2800,2900,3100,3400,3800,4100,4800,5600,6200,34636,0,2400,2424.618307748961,56.211400078609586,6241.400700062513,10415.977306848366
1780195685,200,,Aggregated,80.800000,0.000000,2400,2600,2800,2900,3100,3400,3800,4100,4800,5600,6200,34716,0,2400,2424.302173597019,56.211400078609586,6241.400700062513,10416.726091715635
1780195686,200,,Aggregated,78.600000,0.000000,2400,2600,2800,2900,3100,3400,3800,4100,4800,5600,6200,34794,0,2400,2424.0154660427966,56.211400078609586,6241.400700062513,10415.685031902052
1780195687,200,,Aggregated,79.000000,0.000000,2400,2600,2800,2900,3100,3400,3800,4100,4800,5600,6200,34856,0,2400,2423.9855004875153,56.211400078609586,6241.400700062513,10415.423370438375
1780195688,200,,Aggregated,79.400000,0.000000,2400,2600,2800,2900,3100,3400,3800,4100,4800,5600,6200,34943,0,2400,2424.124770059593,56.211400078609586,6241.400700062513,10414.477692241651
1780195689,200,,Aggregated,79.600000,0.000000,2400,2600,2800,2900,3100,3400,3800,4100,4800,5600,6200,35028,0,2400,2424.3612813347045,56.211400078609586,6241.400700062513,10416.26241863652
1780195690,200,,Aggregated,78.100000,0.000000,2400,2600,2800,2900,3100,3400,3800,4100,4800,5600,6200,35110,0,2400,2424.041452654251,56.211400078609586,6241.400700062513,10416.580888635717
1780195691,200,,Aggregated,78.500000,0.000000,2400,2600,2800,2900,3100,3400,3800,4100,4800,5600,6200,35205,0,2400,2423.710802289151,56.211400078609586,6241.400700062513,10415.733816219286
1780195692,200,,Aggregated,79.600000,0.000000,2400,2600,2800,2900,3100,3400,3800,4100,4800,5600,6200,35255,0,2400,2423.680012026363,56.211400078609586,6241.400700062513,10416.657098283931
1780195693,200,,Aggregated,78.500000,0.000000,2400,2600,2800,2900,3100,3400,3800,4100,4800,5600,6200,35338,0,2400,2423.936209524868,56.211400078609586,6241.400700062513,10417.619757767841
1780195694,200,,Aggregated,79.900000,0.000000,2400,2600,2800,2900,3100,3400,3800,4100,4800,5600,6200,35432,0,2400,2424.149757027234,56.211400078609586,6241.400700062513,10418.206338902686
1780195695,200,,Aggregated,77.600000,0.000000,2400,2600,2800,2900,3100,3400,3800,4100,4800,5600,6200,35501,0,2400,2423.6323249285792,56.211400078609586,6241.400700062513,10417.65110841948
1780195696,200,,Aggregated,79.500000,0.000000,2400,2600,2800,2900,3100,3400,3800,4100,4800,5600,6200,35583,0,2400,2423.4308345892996,56.211400078609586,6241.400700062513,10417.154821122445
1780195697,200,,Aggregated,80.500000,0.000000,2400,2600,2800,2900,3100,3400,3800,4100,4800,5600,6200,35671,0,2400,2423.443260864359,56.211400078609586,6241.400700062513,10417.129460906619
1780195698,200,,Aggregated,78.900000,0.000000,2400,2600,2800,2900,3100,3400,3800,4100,4800,5600,6200,35737,0,2400,2423.3677336035967,56.211400078609586,6241.400700062513,10416.380474018524
1780195699,200,,Aggregated,78.600000,0.000000,2400,2600,2800,2900,3100,3400,3800,4100,4800,5600,6200,35823,0,2400,2423.4332365824334,56.211400078609586,6241.400700062513,10417.196577617731
1780195700,200,,Aggregated,80.600000,0.000000,2400,2600,2800,2900,3100,3400,3800,4100,4800,5600,6200,35897,0,2400,2423.2062119813195,56.211400078609586,6241.400700062513,10416.476920076886
1780195701,200,,Aggregated,78.500000,0.000000,2400,2600,2800,2900,3100,3400,3800,4100,4800,5600,6200,35990,0,2400,2423.087673214575,56.211400078609586,6241.400700062513,10418.514642956377
1780195703,200,,Aggregated,77.700000,0.000000,2400,2600,2800,2900,3100,3400,3800,4100,4800,5600,6200,36076,0,2400,2422.809412659169,56.211400078609586,6241.400700062513,10419.383107883357
1780195704,200,,Aggregated,78.400000,0.000000,2400,2600,2800,2900,3100,3400,3800,4100,4800,5600,6200,36156,0,2400,2422.639969852639,56.211400078609586,6241.400700062513,10420.327054983958
1780195705,200,,Aggregated,81.100000,0.000000,2400,2600,2800,2900,3100,3400,3800,4100,4800,5600,6200,36229,0,2400,2422.2452384827257,56.211400078609586,6241.400700062513,10419.432692042286
1780195706,200,,Aggregated,81.100000,0.000000,2400,2600,2800,2900,3100,3400,3800,4100,4800,5600,6200,36308,0,2400,2422.2488458243593,56.211400078609586,6241.400700062513,10420.202104219456
1780195707,200,,Aggregated,78.200000,0.000000,2400,2600,2800,2900,3100,3400,3800,4100,4800,5600,6200,36386,0,2400,2422.177179173041,56.211400078609586,6241.400700062513,10420.178062991261
1780195708,200,,Aggregated,80.000000,0.000000,2400,2600,2800,2900,3100,3400,3800,4100,4800,5600,6200,36483,0,2400,2421.8404119066304,56.211400078609586,6241.400700062513,10420.644108214785
1780195709,200,,Aggregated,79.000000,0.000000,2400,2600,2800,2900,3100,3400,3800,4100,4800,5600,6200,36575,0,2400,2421.0733064931865,56.211400078609586,6241.400700062513,10418.387805878332
1780195710,200,,Aggregated,80.200000,0.000000,2400,2600,2800,2900,3100,3400,3800,4100,4800,5600,6200,36643,0,2400,2420.63609516109,56.211400078609586,6241.400700062513,10418.589826160522
1780195711,200,,Aggregated,82.700000,0.000000,2400,2600,2800,2900,3100,3400,3800,4100,4800,5600,6200,36737,0,2400,2420.595720681822,56.211400078609586,6241.400700062513,10419.529956174974
1780195712,200,,Aggregated,81.600000,0.000000,2400,2600,2800,2900,3100,3400,3800,4100,4800,5600,6200,36820,0,2400,2420.2946554776418,56.211400078609586,6241.400700062513,10420.467762085824
1780195713,200,,Aggregated,83.400000,0.000000,2400,2600,2800,2900,3100,3400,3800,4100,4800,5600,6200,36892,0,2400,2419.8603445214744,56.211400078609586,6241.400700062513,10419.680635368102
1780195714,200,,Aggregated,81.800000,0.000000,2400,2600,2800,2900,3100,3400,3800,4100,4800,5600,6200,36980,0,2400,2420.0732015085346,56.211400078609586,6241.400700062513,10418.54115738237
1780195715,200,,Aggregated,81.700000,0.000000,2400,2600,2800,2900,3100,3400,3800,4100,4800,5600,6200,37039,0,2400,2420.487567625653,56.211400078609586,6241.400700062513,10418.293069467318
1780195716,200,,Aggregated,81.300000,0.000000,2400,2600,2800,2900,3100,3400,3800,4100,4800,5600,6200,37118,0,2400,2420.4574338753687,56.211400078609586,6241.400700062513,10416.648149145967
1780195717,200,,Aggregated,80.600000,0.000000,2400,2600,2800,2900,3100,3400,3800,4100,4800,5600,6200,37200,0,2400,2420.489206526533,56.211400078609586,6241.400700062513,10416.844919354839
1780195718,200,,Aggregated,80.100000,0.000000,2400,2600,2800,2900,3100,3400,3800,4100,4800,5600,6200,37281,0,2400,2420.6579832270804,56.211400078609586,6241.400700062513,10418.637751133285
1780195719,200,,Aggregated,81.100000,0.000000,2400,2600,2800,2900,3100,3400,3800,4100,4800,5600,6200,37340,0,2400,2420.637946976164,56.211400078609586,6241.400700062513,10419.363069094805
1780195720,200,,Aggregated,79.300000,0.000000,2400,2600,2800,2900,3100,3400,3800,4100,4800,5600,6200,37424,0,2400,2420.909787403541,56.211400078609586,6241.400700062513,10418.955055579307
1780195721,200,,Aggregated,77.200000,0.000000,2400,2600,2800,2900,3100,3400,3800,4100,4800,5600,6200,37521,0,2400,2420.8480726363923,56.211400078609586,6241.400700062513,10417.838437141867
1780195722,200,,Aggregated,78.200000,0.000000,2400,2600,2800,2900,3100,3400,3800,4100,4800,5600,6200,37609,0,2400,2420.599440381084,56.211400078609586,6241.400700062513,10419.058762530245
1780195723,200,,Aggregated,77.200000,0.000000,2400,2600,2800,2900,3100,3400,3800,4100,4800,5600,6200,37677,0,2400,2420.5167571301463,56.211400078609586,6241.400700062513,10420.672585396927
1780195724,200,,Aggregated,77.500000,0.000000,2400,2600,2800,2900,3100,3400,3800,4100,4800,5600,6200,37744,0,2400,2420.3579105948347,56.211400078609586,6241.400700062513,10421.611991309877
1780195725,200,,Aggregated,78.300000,0.000000,2400,2600,2800,2900,3100,3400,3800,4100,4800,5600,6200,37846,0,2400,2420.4694862941965,56.211400078609586,6241.400700062513,10424.230275326323
1780195726,200,,Aggregated,77.000000,0.000000,2400,2600,2800,2900,3100,3400,3800,4100,4800,5600,6200,37945,0,2400,2419.962119860043,56.211400078609586,6241.400700062513,10425.463091316378
1780195727,200,,Aggregated,80.500000,0.000000,2400,2600,2800,2900,3100,3400,3800,4100,4800,5600,6200,37997,0,2400,2419.541709318873,56.211400078609586,6241.400700062513,10425.664210332394
1780195728,200,,Aggregated,81.000000,0.000000,2400,2600,2800,2900,3100,3400,3800,4100,4800,5600,6200,38095,0,2400,2419.1907721588277,56.211400078609586,6241.400700062513,10426.057671610448
1780195729,200,,Aggregated,79.800000,0.000000,2400,2600,2800,2900,3100,3400,3800,4100,4800,5600,6200,38182,0,2400,2419.694068044887,56.211400078609586,6241.400700062513,10429.577759153528
1780195730,200,,Aggregated,80.200000,0.000000,2400,2600,2800,2900,3100,3400,3800,4100,4800,5600,6200,38261,0,2400,2419.335154519999,56.211400078609586,6241.400700062513,10427.907712814615
1780195731,200,,Aggregated,83.800000,0.000000,2400,2600,2800,2900,3100,3400,3800,4100,4800,5600,6200,38333,0,2400,2419.137151370572,56.211400078609586,6241.400700062513,10427.333811598362
1780195732,200,,Aggregated,81.100000,0.000000,2400,2600,2800,2900,3100,3400,3800,4100,4800,5600,6200,38438,0,2400,2418.8423753938755,56.211400078609586,6241.400700062513,10426.328659139393
1780195733,200,,Aggregated,81.100000,0.000000,2400,2600,2800,2900,3100,3400,3800,4100,4800,5600,6200,38518,0,2400,2418.210770057816,56.211400078609586,6241.400700062513,10426.756295757828
1780195734,200,,Aggregated,84.200000,0.000000,2400,2600,2800,2900,3100,3400,3800,4100,4800,5600,6200,38608,0,2400,2417.598591348621,56.211400078609586,6241.400700062513,10427.382485495235
1780195735,200,,Aggregated,82.500000,0.000000,2400,2600,2800,2900,3100,3400,3800,4100,4800,5600,6200,38683,0,2400,2417.5068521414605,56.211400078609586,6241.400700062513,10427.178889951658
1780195736,200,,Aggregated,84.500000,0.000000,2400,2600,2800,2900,3100,3400,3800,4100,4800,5600,6200,38759,0,2400,2417.515847423538,56.211400078609586,6241.400700062513,10427.042286952708
1780195737,200,,Aggregated,81.500000,0.000000,2400,2600,2800,2900,3100,3400,3800,4100,4800,5600,6200,38846,0,2400,2417.3353224833572,56.211400078609586,6241.400700062513,10425.430237347475
1780195738,200,,Aggregated,81.700000,0.000000,2400,2600,2800,2900,3100,3400,3800,4100,4800,5600,6200,38936,0,2400,2417.2646806628795,56.211400078609586,6241.400700062513,10424.606713581261
1780195739,200,,Aggregated,83.500000,0.000000,2400,2600,2800,2900,3100,3400,3800,4100,4800,5600,6200,38991,0,2400,2417.155415916244,56.211400078609586,6241.400700062513,10423.63153035316
1780195740,200,,Aggregated,82.200000,0.000000,2400,2600,2800,2900,3100,3400,3800,4100,4800,5600,6200,39055,0,2400,2417.419466526453,56.211400078609586,6241.400700062513,10422.431852515683
1780195741,200,,Aggregated,80.600000,0.000000,2400,2600,2800,2900,3100,3400,3800,4100,4800,5600,6200,39150,0,2400,2418.0420330649363,56.211400078609586,6241.400700062513,10421.540357598979
1780195742,200,,Aggregated,80.900000,0.000000,2400,2600,2800,2900,3100,3400,3800,4100,4800,5600,6200,39228,0,2400,2418.2417035840417,56.211400078609586,6241.400700062513,10422.360405832569
1780195743,200,,Aggregated,80.500000,0.000000,2400,2600,2800,2900,3100,3400,3800,4100,4800,5600,6200,39318,0,2400,2417.862028744953,56.211400078609586,6241.400700062513,10420.051223358258
1780195744,200,,Aggregated,77.500000,0.000000,2400,2600,2800,2900,3100,3400,3800,4100,4800,5600,6200,39410,0,2400,2417.8387587844563,56.211400078609586,6241.400700062513,10421.57772139051
1780195745,200,,Aggregated,75.900000,0.000000,2400,2600,2800,2900,3100,3400,3800,4100,4800,5600,6200,39459,0,2400,2417.6461292910694,56.211400078609586,6241.400700062513,10422.275247725487
1780195746,200,,Aggregated,78.700000,0.000000,2400,2600,2800,2900,3100,3400,3800,4100,4800,5600,6200,39557,0,2400,2417.380020456459,56.211400078609586,6241.400700062513,10421.062214020274
1780195747,200,,Aggregated,79.300000,0.000000,2400,2600,2800,2900,3100,3400,3800,4100,4800,5600,6200,39644,0,2400,2417.547075302606,56.211400078609586,6241.400700062513,10421.902330743618
1780195748,200,,Aggregated,78.100000,0.000000,2400,2600,2800,2900,3100,3400,3800,4100,4800,5600,6200,39714,0,2400,2417.2465111219503,56.211400078609586,6241.400700062513,10422.214861257995
1780195749,200,,Aggregated,78.800000,0.000000,2400,2600,2800,2900,3100,3400,3800,4100,4800,5600,6200,39805,0,2400,2416.999206031822,56.211400078609586,6241.400700062513,10421.19598040447
1780195750,200,,Aggregated,79.500000,0.000000,2400,2600,2800,2900,3100,3400,3800,4100,4800,5600,6200,39886,0,2400,2416.7146170309024,56.211400078609586,6241.400700062513,10419.210224138795
1780195751,200,,Aggregated,78.700000,0.000000,2400,2600,2800,2900,3100,3400,3800,4100,4800,5600,6200,39958,0,2400,2416.5297277390036,56.211400078609586,6241.400700062513,10419.24698433355
1780195752,200,,Aggregated,81.800000,0.000000,2400,2600,2800,2900,3100,3400,3800,4100,4800,5600,6200,40056,0,2400,2416.7417301875807,56.211400078609586,6241.400700062513,10420.485120830837
1780195753,200,,Aggregated,80.300000,0.000000,2400,2600,2800,2900,3100,3400,3800,4100,4800,5600,6200,40122,0,2400,2416.4745033720683,56.211400078609586,6241.400700062513,10419.644908030506
1780195754,200,,Aggregated,81.200000,0.000000,2400,2600,2800,2900,3100,3400,3800,4100,4800,5600,6200,40218,0,2400,2416.4798526305253,56.211400078609586,6241.400700062513,10418.400964742155
1780195755,200,,Aggregated,83.500000,0.000000,2400,2600,2800,2900,3100,3400,3800,4100,4800,5600,6200,40295,0,2400,2416.465700962742,56.211400078609586,6241.400700062513,10419.174612234769
1780195756,200,,Aggregated,79.400000,0.000000,2400,2600,2800,2900,3100,3400,3800,4100,4800,5600,6200,40351,0,2400,2416.1312892615683,56.211400078609586,6241.400700062513,10418.609105102723
1780195757,200,,Aggregated,81.100000,0.000000,2400,2600,2800,2900,3100,3400,3800,4100,4800,5600,6200,40444,0,2400,2416.444706747453,56.211400078609586,6241.400700062513,10418.471367817228
1780195758,200,,Aggregated,81.500000,0.000000,2400,2600,2800,2900,3100,3400,3800,4100,4800,5600,6200,40516,0,2400,2416.4688722601904,56.211400078609586,6241.400700062513,10419.566047981045
1780195759,200,,Aggregated,78.800000,0.000000,2400,2600,2800,2900,3100,3400,3800,4100,4800,5600,6200,40603,0,2400,2416.4862132205135,56.211400078609586,6241.400700062513,10419.81548161466
1780195760,200,,Aggregated,78.900000,0.000000,2400,2600,2800,2900,3100,3400,3800,4100,4800,5600,6200,40680,0,2400,2416.598961162543,56.211400078609586,6241.400700062513,10422.149508357916
1780195761,200,,Aggregated,80.100000,0.000000,2400,2600,2800,2900,3100,3400,3800,4100,4800,5600,6200,40745,0,2400,2416.527746741747,56.211400078609586,6241.400700062513,10421.668474659467
1780195762,200,,Aggregated,78.200000,0.000000,2400,2600,2800,2900,3100,3400,3800,4100,4800,5600,6200,40834,0,2400,2417.2024976855823,56.211400078609586,6241.400700062513,10423.409805554194
1780195763,200,,Aggregated,79.100000,0.000000,2400,2600,2800,2900,3100,3400,3800,4100,4800,5600,6200,40905,0,2400,2417.2924006989883,56.211400078609586,6241.400700062513,10423.272460579392
1780195764,200,,Aggregated,76.700000,0.000000,2400,2600,2800,2900,3100,3400,3800,4100,4800,5600,6200,40981,0,2400,2417.428454171256,56.211400078609586,6241.400700062513,10422.504160464605
1780195765,200,,Aggregated,77.100000,0.000000,2400,2600,2800,2900,3100,3400,3800,4100,4800,5600,6200,41049,0,2400,2417.708113357021,56.211400078609586,6241.400700062513,10423.748544422519
1780195766,200,,Aggregated,78.100000,0.000000,2400,2600,2800,2900,3100,3400,3800,4100,4800,5600,6200,41148,0,2400,2417.9466148924084,56.211400078609586,6241.400700062513,10423.751093613299
1780195767,200,,Aggregated,76.500000,0.000000,2400,2600,2800,2900,3100,3400,3800,4100,4800,5600,6200,41220,0,2400,2417.9585288499243,56.211400078609586,6241.400700062513,10423.882047549732
1780195768,200,,Aggregated,75.800000,0.000000,2400,2600,2800,2900,3100,3400,3800,4100,4800,5600,6200,41284,0,2400,2417.9030078503815,56.211400078609586,6241.400700062513,10423.604495688402
1780195769,200,,Aggregated,78.100000,0.000000,2400,2600,2800,2900,3100,3400,3800,4100,4800,5600,6200,41370,0,2400,2418.111029059567,56.211400078609586,6241.400700062513,10423.476843123037
1780195770,200,,Aggregated,78.100000,0.000000,2400,2600,2800,2900,3100,3400,3800,4100,4800,5600,6200,41454,0,2400,2418.3772966129627,56.211400078609586,6241.400700062513,10422.485574371593
1780195771,200,,Aggregated,75.000000,0.000000,2400,2600,2800,2900,3100,3400,3800,4100,4800,5600,6200,41529,0,2400,2418.3145777022028,56.211400078609586,6241.400700062513,10421.752606612246
1780195772,200,,Aggregated,76.300000,0.000000,2400,2600,2800,2900,3100,3400,3800,4100,4800,5600,6200,41618,0,2400,2418.434103190773,56.211400078609586,6241.400700062513,10421.057379018694
1780195773,200,,Aggregated,76.700000,0.000000,2400,2600,2800,2900,3100,3400,3800,4100,4800,5600,6200,41687,0,2400,2418.3590005203987,56.211400078609586,6241.400700062513,10421.318156739511
1780195774,200,,Aggregated,78.200000,0.000000,2400,2600,2800,2900,3100,3400,3800,4100,4800,5600,6200,41776,0,2400,2417.874740728985,56.211400078609586,6241.400700062513,10420.67761394102
1780195775,200,,Aggregated,78.300000,0.000000,2400,2600,2800,2900,3100,3400,3800,4100,4800,5600,6200,41859,0,2400,2417.6657683818253,56.211400078609586,6241.400700062513,10421.990444109988
1780195776,200,,Aggregated,79.400000,0.000000,2400,2600,2800,2900,3100,3400,3800,4100,4800,5600,6200,41942,0,2400,2417.1292748365727,56.211400078609586,6241.400700062513,10421.04720804921
1780195777,200,,Aggregated,80.500000,0.000000,2400,2600,2800,2900,3100,3400,3800,4100,4800,5600,6200,42011,0,2400,2417.2433912236106,56.211400078609586,6241.400700062513,10421.712908523958
1780195778,200,,Aggregated,80.500000,0.000000,2400,2600,2800,2900,3100,3400,3800,4100,4800,5600,6200,42107,0,2400,2417.51347556447,56.211400078609586,6241.400700062513,10422.12047878025
1780195779,200,,Aggregated,79.100000,0.000000,2400,2600,2800,2900,3100,3400,3800,4100,4800,5600,6200,42203,0,2400,2417.186479010842,56.211400078609586,6241.400700062513,10421.570788806483
1780195780,200,,Aggregated,79.300000,0.000000,2400,2600,2800,2900,3100,3400,3800,4100,4800,5600,6200,42281,0,2400,2417.053419254393,56.211400078609586,6241.400700062513,10422.148388164896
1780195781,200,,Aggregated,82.100000,0.000000,2400,2600,2800,2900,3100,3400,3800,4100,4800,5600,6200,42348,0,2400,2416.7474556554143,56.211400078609586,6241.400700062513,10421.050462831774
1780195782,200,,Aggregated,81.500000,0.000000,2400,2600,2800,2900,3100,3400,3800,4100,4800,5600,6200,42426,0,2400,2416.8538503016102,56.211400078609586,6241.400700062513,10422.76738320841
1780195783,200,,Aggregated,83.100000,0.000000,2400,2600,2800,2900,3100,3400,3800,4100,4800,5600,6200,42506,0,2400,2416.7881348773326,56.211400078609586,6241.400700062513,10421.149367148168
1780195784,200,,Aggregated,82.900000,0.000000,2400,2600,2800,2900,3100,3400,3800,4100,4800,5600,6200,42587,0,2400,2417.4555459294224,56.211400078609586,6241.400700062513,10421.909103717097
1780195785,200,,Aggregated,79.900000,0.000000,2400,2600,2800,2900,3100,3400,3800,4100,4800,5600,6200,42658,0,2400,2417.4816187654114,56.211400078609586,6241.400700062513,10422.737751418257
1780195786,200,,Aggregated,77.600000,0.000000,2400,2600,2800,2900,3100,3400,3800,4100,4800,5600,6200,42730,0,2400,2417.7232635523924,56.211400078609586,6241.400700062513,10423.607137842266
1780195787,200,,Aggregated,77.800000,0.000000,2400,2600,2800,2900,3100,3400,3800,4100,4800,5600,6200,42820,0,2400,2417.935458953621,56.211400078609586,6241.400700062513,10424.231714152265
1780195788,200,,Aggregated,77.800000,0.000000,2400,2600,2800,2900,3100,3400,3800,4100,4800,5600,6200,42897,0,2400,2417.913975275516,56.211400078609586,6241.400700062513,10423.206517938317
1780195789,200,,Aggregated,79.000000,0.000000,2400,2600,2800,2900,3100,3400,3800,4100,4800,5600,6200,42986,0,2400,2417.626684694884,56.211400078609586,6241.400700062513,10422.163448564648
1780195790,200,,Aggregated,78.100000,0.000000,2400,2600,2800,2900,3100,3400,3800,4100,4800,5600,6200,43072,0,2400,2416.9495728685242,56.211400078609586,6241.400700062513,10421.316934435365
1780195791,200,,Aggregated,77.600000,0.000000,2400,2600,2800,2900,3100,3400,3800,4100,4800,5600,6200,43159,0,2400,2416.5954144927673,56.211400078609586,6241.400700062513,10421.285039041682
1780195792,200,,Aggregated,80.100000,0.000000,2400,2600,2800,2900,3100,3400,3800,4100,4800,5600,6200,43214,0,2400,2416.4600224115693,56.211400078609586,6241.400700062513,10420.861271810061
1780195793,200,,Aggregated,78.600000,0.000000,2400,2600,2800,2900,3100,3400,3800,4100,4800,5600,6200,43322,0,2400,2416.647436276997,56.211400078609586,6241.400700062513,10421.898758136744
1780195794,200,,Aggregated,78.200000,0.000000,2400,2600,2800,2900,3100,3400,3800,4100,4800,5600,6200,43395,0,2400,2416.542505352973,56.211400078609586,6241.400700062513,10422.227099896301
1780195795,200,,Aggregated,81.100000,0.000000,2400,2600,2800,2900,3100,3400,3800,4100,4800,5600,6200,43476,0,2400,2416.2224000688097,56.211400078609586,6241.400700062513,10422.617835127427
1780195796,200,,Aggregated,82.400000,0.000000,2400,2600,2800,2900,3100,3400,3800,4100,4800,5600,6200,43552,0,2400,2415.963819886383,56.211400078609586,6241.400700062513,10422.179876928729
1780195797,200,,Aggregated,81.700000,0.000000,2400,2600,2800,2900,3100,3400,3800,4000,4800,5600,6200,43612,0,2400,2416.167667561503,56.211400078609586,6241.400700062513,10422.821723378887
1780195798,200,,Aggregated,81.500000,0.000000,2400,2600,2800,2900,3100,3400,3800,4100,4800,5600,6200,43711,0,2400,2416.2625201045776,56.211400078609586,6241.400700062513,10422.505982475806
1780195799,200,,Aggregated,81.300000,0.000000,2400,2600,2800,2900,3100,3400,3800,4100,4800,5600,6200,43774,0,2400,2416.2502123130344,56.211400078609586,6241.400700062513,10422.841664001462
1780195800,200,,Aggregated,81.400000,0.000000,2400,2600,2800,2900,3100,3400,3800,4100,4800,5600,6200,43868,0,2400,2416.5535008569136,56.211400078609586,6241.400700062513,10422.41387799763
1780195801,200,,Aggregated,80.900000,0.000000,2400,2600,2800,2900,3100,3400,3800,4100,4800,5600,6200,43939,0,2400,2416.747493151667,56.211400078609586,6241.400700062513,10423.662304558593
1780195802,200,,Aggregated,77.800000,0.000000,2400,2600,2800,2900,3100,3400,3800,4100,4800,5600,6200,44022,0,2400,2416.764636122632,56.211400078609586,6241.400700062513,10424.14801690064
1780195803,200,,Aggregated,78.700000,0.000000,2400,2600,2800,2900,3100,3400,3800,4100,4800,5600,6200,44092,0,2400,2416.7554587020686,56.211400078609586,6241.400700062513,10423.279234328224
1780195804,200,,Aggregated,78.500000,0.000000,2400,2600,2800,2900,3100,3400,3800,4100,4800,5600,6200,44180,0,2400,2416.9087334176434,56.211400078609586,6241.400700062513,10424.046650067905
1780195805,200,,Aggregated,77.200000,0.000000,2400,2600,2800,2900,3100,3400,3800,4100,4800,5600,6200,44255,0,2400,2416.5881038818593,56.211400078609586,6241.400700062513,10423.238300756977
1780195806,200,,Aggregated,78.100000,0.000000,2400,2600,2800,2900,3100,3400,3800,4000,4800,5600,6200,44341,0,2400,2416.704772239935,56.211400078609586,6241.400700062513,10422.958751494103
1780195807,200,,Aggregated,78.700000,0.000000,2400,2600,2800,2900,3100,3400,3800,4000,4800,5600,6200,44432,0,2400,2416.822964354347,56.211400078609586,6241.400700062513,10422.954289701116
1780195808,200,,Aggregated,77.500000,0.000000,2400,2600,2800,2900,3100,3400,3800,4000,4800,5600,6200,44508,0,2400,2416.242654805718,56.211400078609586,6241.400700062513,10420.963781792037
1780195809,200,,Aggregated,77.400000,0.000000,2400,2600,2800,2900,3100,3400,3800,4000,4800,5600,6200,44582,0,2400,2416.098738762153,56.211400078609586,6241.400700062513,10421.175653851331
1780195810,200,,Aggregated,79.200000,0.000000,2400,2600,2800,2900,3100,3400,3800,4000,4800,5600,6200,44664,0,2400,2416.0765825562967,56.211400078609586,6241.400700062513,10420.39857603439
1780195811,200,,Aggregated,79.200000,0.000000,2400,2600,2800,2900,3100,3400,3800,4000,4800,5600,6200,44749,0,2400,2416.3554351939847,56.211400078609586,6241.400700062513,10422.047129544795
1780195812,200,,Aggregated,79.300000,0.000000,2400,2600,2800,2900,3100,3400,3800,4000,4800,5600,6200,44826,0,2400,2416.260178954053,56.211400078609586,6241.400700062513,10421.162918841743
1780195813,200,,Aggregated,78.600000,0.000000,2400,2600,2800,2900,3100,3400,3800,4000,4800,5600,6200,44890,0,2400,2416.358518636561,56.211400078609586,6241.400700062513,10421.127043885052
1780195814,200,,Aggregated,79.900000,0.000000,2400,2600,2800,2900,3100,3400,3800,4000,4800,5600,6200,44972,0,2400,2416.819898441156,56.211400078609586,6241.400700062513,10421.339477897358
1780195815,200,,Aggregated,80.000000,0.000000,2400,2600,2800,2900,3100,3400,3800,4000,4800,5600,6200,45064,0,2400,2417.0726126175255,56.211400078609586,6241.400700062513,10421.100368364992
1780195816,200,,Aggregated,77.900000,0.000000,2400,2600,2800,2900,3100,3400,3800,4000,4800,5600,6200,45129,0,2400,2417.0489681113236,56.211400078609586,6241.400700062513,10423.28695517295
1780195817,200,,Aggregated,76.700000,0.000000,2400,2600,2800,2900,3100,3400,3800,4000,4800,5600,6200,45230,0,2400,2416.2473108046815,56.211400078609586,6241.400700062513,10421.835551625029
1780195818,200,,Aggregated,80.800000,0.000000,2400,2600,2800,2900,3100,3400,3800,4000,4800,5600,6200,45311,0,2400,2416.157900046232,56.211400078609586,6241.400700062513,10422.109730529011
1780195819,200,,Aggregated,79.400000,0.000000,2400,2600,2800,2900,3100,3400,3800,4000,4800,5600,6200,45370,0,2400,2415.876070661101,56.211400078609586,6241.400700062513,10421.39435750496
1780195820,200,,Aggregated,80.500000,0.000000,2400,2600,2800,2900,3100,3400,3800,4000,4800,5600,6200,45463,0,2400,2415.782489400004,56.211400078609586,6241.400700062513,10420.68864791149
1780195821,200,,Aggregated,80.100000,0.000000,2400,2600,2800,2900,3100,3400,3800,4000,4800,5600,6200,45546,0,2400,2416.0496762282737,56.211400078609586,6241.400700062513,10421.57634040311
1780195822,200,,Aggregated,78.800000,0.000000,2400,2600,2800,2900,3100,3400,3800,4000,4800,5600,6200,45623,0,2400,2415.5950332615816,56.211400078609586,6241.400700062513,10420.975012603292
1780195823,200,,Aggregated,80.700000,0.000000,2400,2600,2800,2900,3100,3400,3800,4000,4800,5600,6200,45712,0,2400,2415.8994646612127,56.211400078609586,6241.400700062513,10421.614411970599
1780195824,200,,Aggregated,80.100000,0.000000,2400,2600,2800,2900,3100,3400,3800,4000,4800,5600,6200,45760,0,2400,2416.080125460973,56.211400078609586,6241.400700062513,10423.170673076924
1780195825,200,,Aggregated,79.900000,0.000000,2400,2600,2800,2900,3100,3400,3800,4000,4800,5600,6200,45842,0,2400,2416.3276512083517,56.211400078609586,6241.400700062513,10422.371537018455
1780195826,200,,Aggregated,83.000000,0.000000,2400,2600,2800,2900,3100,3400,3800,4000,4800,5600,6200,45941,0,2400,2416.7359623733314,56.211400078609586,6241.400700062513,10420.970766853137
1780195827,200,,Aggregated,80.500000,0.000000,2400,2600,2800,2900,3100,3400,3800,4000,4800,5600,6200,46017,0,2400,2416.6918933458014,56.211400078609586,6241.400700062513,10420.833300736684
1780195828,200,,Aggregated,77.500000,0.000000,2400,2600,2800,2900,3100,3400,3800,4000,4800,5600,6200,46104,0,2400,2416.411922735438,56.211400078609586,6241.400700062513,10419.963560645498
1780195829,200,,Aggregated,79.700000,0.000000,2400,2600,2800,2900,3100,3400,3800,4000,4800,5600,6200,46183,0,2400,2416.287178379359,56.211400078609586,6241.400700062513,10418.662408245458
1780195830,200,,Aggregated,78.000000,0.000000,2400,2600,2800,2900,3100,3400,3800,4000,4800,5600,6200,46254,0,2400,2416.31256861015,56.211400078609586,6241.400700062513,10419.160072642366
